"ORDEN" "EMPRESA" "COTIZA" "CODACT" "VENTAS" "CAPITAL" "RECPROP" "ACTTOT" "BENEFICO" "INMOVIL" "CASHFLOW" "RENTAB" "PLANTILL" "CASHVENT" "VENTACT" "VENTPLAN" "INMOACTT" "BENVENT" "FILTER_." "BENRECPR" "BENCAP"
1 "Telefónica de España             " 1 16 1271510 463480 1488378 3917167 83899 3568851 425802 6 74437 0.334879002131324 0.324599385218961 17.0816932439513 0.911079614425425 0.0659837516024255 "Seleccionado" 0.0563694169088766 0.181019677224476
2 "El Corte Inglés                  " 0 4 775104 46207 248813 463335 23795 173572 37005 10 40851 0.0477419804310131 1.67288031338017 18.9739296467651 0.374614479804029 0.0306991061844604 "Seleccionado" 0.0956340705670524 0.514965265003138
3 "Iberdrola                        " 1 7 775218 437564 1028297 3133889 58778 2911741 164567 6 15086 0.212284802468467 0.247366131984892 51.3865835874321 0.929114273032644 0.0758212528604857 "Seleccionado" 0.0571605285243466 0.134330063716393
4 "Repsol Comercial (c)             " 0 18 700963 3247 4869 150236 1531 61898 1990 31 455 0.00283895155664422 4.66574589312815 1540.57802197802 0.412005111957187 0.00218413810714688 "Seleccionado" 0.314438283014993 0.471512165075454
5 "Seat                             " 0 2 674063 84000 91056 472004 -12756 381012 7934 -14 24268 0.011770413151293 1.42808747383497 27.7757952859733 0.807221972695147 -0.0189240471587967 "Seleccionado" -0.140089615181866 -0.151857142857143
6 "Tabacalera                       " 1 18 631003 18442 84646 220062 14729 101784 21725 17 8174 0.0344293133313154 2.86738737264953 77.1963542941033 0.462524197726095 0.0233422028104462 "Seleccionado" 0.17400704108877 0.79866608827676
7 "FASA Renault                     " 1 2 537744 22781 129448 245723 9059 95735 30795 7 14881 0.0572670266892797 2.1884154108488 36.1362811639003 0.38960536864681 0.016846306048975 "Seleccionado" 0.0699817687411161 0.397655941354638
8 "Repsol Petróleo                  " 0 14 489155 36154 101465 332985 12541 194837 26196 12 4362 0.0535535770870174 1.46900010510984 112.140073360844 0.585122452963347 0.0256380901759156 "Seleccionado" 0.123599270684472 0.346877247330862
9 "Pryca                            " 1 4 448465 18925 94010 258782 13495 130790 22804 14 13200 0.0508490071688984 1.73298374693758 33.9746212121212 0.505406094705196 0.0300915344564236 "Seleccionado" 0.143548558663972 0.713077939233818
10 "Iberia                           " 0 17 445853 213281 138922 544617 -34824 424760 -8757 -25 25617 -0.0196410027520281 0.818654210206439 17.4045750868564 0.779924240337705 -0.0781064610981646 "No seleccionado" -0.250673039547372 -0.163277554024972
11 "Endesa                           " 1 7 430878 208004 503065 1114274 95118 1015846 164761 19 6100 0.382384340811088 0.386689449812165 70.635737704918 0.911666250850329 0.220753902496762 "Seleccionado" 0.189076958245952 0.457289282898406
12 "Ford España                      " 0 2 427333 21070 126718 228674 10700 46909 27250 8 9545 0.0637676004427461 1.86874327645469 44.7703509690938 0.205134820749189 0.0250390210912801 "Seleccionado" 0.084439464006692 0.507831039392501
13 "CLH                              " 1 14 425909 14012 87373 296022 34329 113939 44955 39 3678 0.10555071623281 1.43877482079035 115.799075584557 0.384900446588429 0.0806017247815848 "Seleccionado" 0.392901697320683 2.44997145304025
14 "General Motors España            " 0 2 414472 41547 95963 216214 21201 77787 36055 22 9200 0.0869901947538073 1.91695264876465 45.0513043478261 0.359768562627767 0.0511518269026617 "Seleccionado" 0.220928899680085 0.510289551592173
15 "Cepsa                            " 1 14 371566 44596 143544 320857 11248 194183 17686 8 2486 0.0475985423854712 1.15804236778378 149.463395012068 0.605201070882044 0.0302718763288353 "Seleccionado" 0.0783592487320961 0.252219930038568
16 "Unión Fenosa                     " 1 7 341596 145069 309904 1116935 13420 970791 66167 4 5355 0.193699574936475 0.305833374368249 63.7901027077498 0.869156217685004 0.0392861743111746 "Seleccionado" 0.0433037327688575 0.0925077032308763
17 "Continente                       " 0 4 304852 8574 28179 145642 5670 73005 11106 20 9556 0.0364307926469238 2.09315994012716 31.9016324822101 0.501263371829555 0.018599189114718 "Seleccionado" 0.201213669754072 0.661301609517145
18 "FCC                              " 1 5 299375 7506 45339 297389 11351 71137 16674 25 22103 0.0556960334029228 1.00667812192112 13.5445414649595 0.239205216063809 0.0379156576200418 "Seleccionado" 0.250358411080968 1.51225686117772
19 "Dragados y Construcciones        " 1 5 291305 29724 100864 254492 10325 48424 13073 10 13215 0.0448773622148607 1.14465287710419 22.0435111615588 0.190277101048363 0.0354439504986183 "Seleccionado" 0.102365561548223 0.3473624007536
20 "Citroën Hispania                 " 1 2 288109 5344 76759 132017 5687 40226 14664 7 8267 0.0508974034132915 2.1823628775082 34.8504898996008 0.304703182165933 0.0197390570929752 "Seleccionado" 0.0740890319050535 1.06418413173653
21 "Sevillana de Electricidad        " 1 7 258331 148201 298108 792174 12772 709445 40021 4 6102 0.154921399290058 0.326103861020432 42.3354637823664 0.895567135503059 0.0494404465588721 "Seleccionado" 0.0428435332161499 0.0861802551939596
22 "Cepsa Estaciones de Servicio     " 0 4 242303 14012 43450 78374 207 38580 1486 0 3100 0.00613281717518974 3.09162477352183 78.1622580645161 0.492255084594381 0.000854302257916741 "Seleccionado" 0.00476409666283084 0.0147730516699971
23 "IBM                              " 0 8 234929 19500 30757 159328 523 47070 12636 2 4479 0.053786463144184 1.47449914641494 52.4512167894619 0.295428298855192 0.00222620451285282 "Seleccionado" 0.0170042591930292 0.0268205128205128
24 "Fecsa                            " 1 7 206811 208593 273371 762166 15247 693523 47212 6 3321 0.228285729482474 0.271346399603236 62.2737127371274 0.909936942870713 0.0737243183389665 "Seleccionado" 0.0557740213848579 0.0730944950214053
25 "Cubiertas y MZOV                 " 1 5 206259 4971 40655 164872 4757 27089 7359 12 7056 0.0356784431224819 1.25102503760493 29.2317176870748 0.164303217041099 0.0230632360284885 "Seleccionado" 0.117008977985488 0.956950311808489
26 "Peugeot Talbot                   " 0 2 200380 10500 16878 64514 -3194 22002 -448 -19 5331 -0.00223575207106498 3.10599249775243 37.5876946163947 0.341042254394395 -0.0159397145423695 "No seleccionado" -0.189240431330726 -0.304190476190476
27 "Renfe                            " 0 17 179944 NA 546217 1678276 -298976 1508564 -237938 -55 47903 -1.32228915662651 0.107219551492126 3.75642444105797 0.898877181107279 -1.66149468723603 "No seleccionado" -0.54735755203518 NA
28 "Nissan Motor Ibérica             " 1 2 173067 55766 54844 198097 -14389 146813 -5788 -26 7203 -0.0334436952163035 0.873647758421379 24.0270720533111 0.741116725644507 -0.0831412112072203 "No seleccionado" -0.262362336809861 -0.258024602804576
29 "Hipercor                         " 0 4 166909 NA 39921 76011 4954 61357 10775 12 6500 0.0645561353791587 2.19585323176909 25.6783076923077 0.807212114036126 0.0296808440527473 "Seleccionado" 0.124095087798402 NA
30 "Ensidesa                         " 0 11 158106 125145 33663 339125 -67644 234579 -53188 -201 14390 -0.336407220472341 0.466217471433837 10.987213342599 0.691718392922964 -0.427839550681189 "No seleccionado" -2.00944657338918 -0.540524991010428
31 "INI                              " 0 18 155782 170984 -15774 982027 -188545 836825 -188545 1195 NA -1.21031312988664 0.15863311293885 NA 0.85214052159462 -1.21031312988664 "No seleccionado" 11.9528971725624 -1.10270551630562
32 "Repsol Butano                    " 0 14 151688 9772 16601 81701 6603 50300 11170 40 2016 0.0736379937766995 1.85662354193951 75.2420634920635 0.61565953905093 0.0435301408153578 "Seleccionado" 0.397747123667249 0.675706099058535
33 "Mercadona                        " 0 4 148822 2638 5881 58299 1850 40342 6753 31 10021 0.0453763556463426 2.55273675363214 14.8510128729668 0.691984425118784 0.012430957788499 "Seleccionado" 0.314572351640877 0.701288855193328
34 "Neumáticos Michelin              " 0 2 147634 46692 31700 139679 841 60862 5716 3 11125 0.0387173686278229 1.05695201139756 13.2704719101124 0.435727632643418 0.00569651977186827 "Seleccionado" 0.0265299684542587 0.0180116508181273
35 "Petronor                         " 0 14 132294 20020 50179 92498 8369 69612 13577 17 887 0.102627481216079 1.43023632943415 149.147688838782 0.752578434128305 0.0632606165056616 "Seleccionado" 0.166782917156579 0.418031968031968
36 "Nerslé AEPA                      " 0 1 129850 18000 41690 91828 6342 57876 10214 15 6052 0.0786599922988063 1.41405671472753 21.455717118308 0.630265278564272 0.0488409703504043 "Seleccionado" 0.152122811225714 0.352333333333333
37 "ENHER                            " 1 7 127241 46893 135955 221399 4521 192907 12882 3 2038 0.101240952208801 0.574713526258023 62.4342492639843 0.871309265172833 0.035531000227914 "Seleccionado" 0.0332536501048141 0.0964109781843772
38 "Mercedes-Benz                    " 0 2 125099 17515 22688 55192 1487 18084 4023 7 3255 0.0321585304438884 2.266614726772 38.4328725038402 0.32765618205537 0.0118865858240274 "Seleccionado" 0.0655412552891396 0.0848986582928918
39 "Agromán                          " 1 5 121076 12639 21345 99751 800 20331 2864 4 4473 0.0236545640754567 1.21378231797175 27.0681868991728 0.203817505588916 0.00660742013280914 "Seleccionado" 0.03747950339658 0.0632961468470607
40 "TVE                              " 0 16 119624 5625 32180 91594 2270 30208 4747 7 6496 0.0396826723734368 1.30602441207939 18.4150246305419 0.329803262222416 0.0189761251922691 "Seleccionado" 0.0705407085146053 0.403555555555556
41 "Ferrovial                        " 0 5 117136 15106 34888 110779 4200 20245 6392 12 3790 0.0545690479442699 1.05738452233727 30.9065963060686 0.182751243466722 0.0358557574101899 "Seleccionado" 0.120385232744783 0.278035217794254
42 "Cofares                          " 0 4 109088 3590 4723 20275 60 4176 290 1 576 0.00265840422411264 5.38041923551171 189.388888888889 0.20596794081381 0.000550014667057788 "Seleccionado" 0.0127037899640059 0.0167130919220056
43 "Enagas                           " 0 16 106541 85176 105976 202726 3129 171712 9919 3 963 0.0931003088013065 0.525541864388386 110.634475597092 0.847015183054961 0.0293689753240537 "Seleccionado" 0.0295255529553861 0.0367357001972387
44 "BP Oil España                    " 1 14 103910 16333 46698 82353 10378 45357 12774 22 447 0.122933307670099 1.26176338445473 232.460850111857 0.550763178026301 0.0998748917332307 "Seleccionado" 0.222236498351107 0.635400722463724
45 "Eroski                           " 0 4 103593 6729 20642 61804 3187 42395 3187 15 3184 0.0307646269535586 1.67615364701314 32.5354899497487 0.685958837615688 0.0307646269535586 "Seleccionado" 0.154393954074218 0.473621637687621
46 "CASA                             " 0 6 100529 58520 46701 186778 -3593 67051 4094 -8 8999 0.0407245670403565 0.538227200205592 11.1711301255695 0.358987675208001 -0.0357409304777726 "Seleccionado" -0.0769362540416693 -0.0613978127136022
47 "Repsol Explotación               " 0 14 94871 23892 98346 148092 7776 54088 22213 8 629 0.234138988732068 0.640622045755341 150.828298887122 0.36523242308835 0.0819639299680619 "Seleccionado" 0.0790677810993838 0.325464590657961
48 "Huarte                           " 1 5 92502 8365 29364 107365 3700 22461 4921 13 2673 0.0531988497545999 0.861565687141992 34.6060606060606 0.209202253993387 0.0399991351538345 "Seleccionado" 0.126004631521591 0.442319187089062
49 "Alcatel Standard Eléctrica       " 0 10 91162 56410 55543 184151 -8417 96607 -3406 -15 7178 -0.0373620587525504 0.495039397016579 12.7001950404012 0.524607523173917 -0.0923301375573155 "No seleccionado" -0.15154024809607 -0.149211132777876
50 "Ertoil                           " 0 14 87471 10300 30891 77473 2510 48322 5676 8 951 0.0648900778543746 1.12905141145948 91.9779179810726 0.623726975849651 0.0286952247030444 "Seleccionado" 0.0812534395131268 0.24368932038835
51 "Hidrocantábrico                  " 1 7 86949 37732 88536 189039 6434 158336 15285 7 1034 0.175792706069075 0.45995270817133 84.0899419729207 0.837583779008564 0.073997400775167 "Seleccionado" 0.0726710038854251 0.170518392876073
52 "Robert Bosch                     " 0 10 85722 14860 19550 47530 -1571 22367 2314 -8 4793 0.02699423718532 1.80353460972018 17.8848320467348 0.470586997685672 -0.0183266839317795 "Seleccionado" -0.0803580562659846 -0.105720053835801
53 "Repsol Química                   " 0 15 84876 10050 12935 83164 -12423 38743 -8616 -96 1955 -0.101512795136434 1.02058583040739 43.4148337595908 0.465862632869992 -0.146366464018097 "No seleccionado" -0.960417471975261 -1.23611940298507
54 "Sony España                      " 0 10 84564 750 15308 37789 866 11037 2818 6 1360 0.0333238730429024 2.23779406705655 62.1794117647059 0.292069120643574 0.0102407643914668 "Seleccionado" 0.0565717272014633 1.15466666666667
55 "Ebro Agrícolas                   " 1 1 83325 4745 82950 137919 3589 99963 6964 4 2827 0.0835763576357636 0.60415896286951 29.4747081712062 0.724794988362735 0.0430723072307231 "Seleccionado" 0.0432670283303195 0.756375131717598
56 "Altos Hornos de Vizcaya          " 1 11 83063 67056 28221 182000 -31648 131941 -24753 -112 6560 -0.298002720826361 0.45639010989011 12.6620426829268 0.724950549450549 -0.381012002937529 "No seleccionado" -1.12143439282804 -0.471963731806252
57 "Gas Natural, SDG                 " 1 16 80252 22389 124143 173346 9832 145553 17603 8 2062 0.219346558341225 0.462958476111361 38.9194956353055 0.839667485837573 0.122514080645965 "Seleccionado" 0.0791989882635348 0.439144222609317
58 "Makro                            " 0 4 78071 3670 10773 35036 1987 18895 2732 18 1694 0.0349937877060624 2.22830802603037 46.0867768595041 0.53930243178445 0.0254511918638163 "Seleccionado" 0.18444258795136 0.54141689373297
59 "Dow Chemical Ibérica             " 0 15 77973 22060 21404 68925 -15181 42399 -9920 -71 910 -0.127223526092365 1.13127312295974 85.6846153846154 0.615146898803047 -0.194695599758891 "No seleccionado" -0.709259951410951 -0.688168631006346
60 "Astilleros Españoles             " 0 6 77722 21600 9327 110108 -9263 30164 -7750 -99 6922 -0.0997143665886107 0.705870599774767 11.2282577289801 0.273949213499473 -0.119181184220684 "No seleccionado" -0.993138200922054 -0.428842592592593
61 "Entrecanales y Tavora            " 0 5 75959 7422 20964 145606 3728 11879 4162 18 3157 0.0547927171237115 0.521674930978119 24.0605004751346 0.0815831765174512 0.0490791084664095 "Seleccionado" 0.177828658652929 0.502290487739154
62 "Abengoa                          " 0 10 75202 2600 15303 56151 1925 12797 2969 13 5657 0.0394803329698678 1.33928158002529 13.2936185257203 0.227903332086695 0.0255977234648015 "Seleccionado" 0.12579232830164 0.740384615384615
63 "Siemens                          " 0 10 71234 3600 14537 73575 -580 7491 1090 -4 3005 0.0153016817811719 0.96818212708121 23.7051580698835 0.101814475025484 -0.0081421792964034 "Seleccionado" -0.0398981908234161 -0.161111111111111
64 "OCP Construcciones               " 1 5 70957 4782 23402 76457 1426 19936 2290 6 2864 0.0322730667869273 0.928064140628065 24.7754888268156 0.260747871352525 0.0200966782699381 "Seleccionado" 0.0609349628236903 0.298201589293183
65 "Cía. Distribuidora Petróleos     " 0 4 70171 1350 1355 11129 31 5331 295 2 1150 0.00420401590400593 6.30523856590889 61.0182608695652 0.479018779764579 0.00044177794245486 "Seleccionado" 0.0228782287822878 0.022962962962963
66 "Cargill España                   " 0 1 68811 2941 10252 27321 329 9425 1025 3 866 0.0148958742061589 2.51861205665971 79.4584295612009 0.344972731598404 0.00478121230617198 "Seleccionado" 0.0320912992586812 0.11186671200272
67 "Vallehermoso                     " 1 5 65202 18438 68537 154496 7600 67035 8321 11 294 0.127618784699856 0.422030343827672 221.775510204082 0.433894728666114 0.116560841691973 "Seleccionado" 0.11088900885653 0.412192211736631
68 "Acerinox                         " 1 11 64310 9667 67560 78747 3467 36324 6919 5 1839 0.107588244440989 0.816666031721843 34.9700924415443 0.461274715227247 0.053910744829731 "Seleccionado" 0.0513173475429248 0.358642805420503
69 "Inespal                          " 0 11 63164 76196 35635 146763 -19571 100373 -16676 -55 3950 -0.26401114558926 0.430380954327726 15.9908860759494 0.683912157696422 -0.309844215059211 "No seleccionado" -0.549207240072962 -0.256850753320384
70 "Viajes El Corte Inglés           " 0 18 60997 300 7248 12379 2039 583 2108 28 1047 0.0345590766759021 4.92745779142095 58.2588347659981 0.0470958881977543 0.0334278735019755 "Seleccionado" 0.281318984547461 6.79666666666667
71 "BMW Ibérica                      " 0 4 60933 964 5051 15169 3721 825 3899 74 147 0.0639883150345461 4.01694244841453 414.510204081633 0.0543872371283539 0.0610670736710813 "Seleccionado" 0.73668580479113 3.85995850622407
72 "Hidroeléctrica de Cataluña       " 1 7 60420 67806 70957 158084 1459 144125 6942 2 1032 0.114895729890765 0.382201867361656 58.546511627907 0.911698843652742 0.0241476332340285 "Seleccionado" 0.0205617486646842 0.0215172698581246
73 "Distribuidora Prod. Petrolíferos " 0 4 60169 250 170 7828 -40 3081 86 -23 1104 0.00142930745068058 7.68638221768012 54.5009057971015 0.393587123147675 -0.000664794163107248 "Seleccionado" -0.235294117647059 -0.16
74 "Iveco Pegaso                     " 0 2 59178 8447 -24730 77705 -31644 32713 -28559 128 4476 -0.482594883233634 0.761572614374879 13.2211796246649 0.420989640306287 -0.534725742674643 "No seleccionado" 1.279579458148 -3.74618207647686
75 "Basf Española                    " 0 15 58699 1500 16112 43141 462 18600 3971 3 1142 0.0676502155062267 1.36063141790872 51.4001751313485 0.431144387010037 0.00787066219186017 "Seleccionado" 0.0286742800397219 0.308
76 "Repsol                           " 0 14 58676 150000 373268 538901 34888 398906 35668 9 161 0.607880564455655 0.108880851956111 364.447204968944 0.740221302242898 0.594587224759697 "Seleccionado" 0.0934663566124072 0.232586666666667
77 "Unelco                           " 0 7 58622 30664 70896 133641 6587 119740 16639 9 2138 0.283835420149432 0.438652808644054 27.4190832553789 0.895982520334329 0.112363958923271 "Seleccionado" 0.0929107424960506 0.21481215757892
78 "Aviaco                           " 0 17 58126 7400 16247 58971 1665 47223 4178 10 1813 0.0718783332759867 0.985670922996049 32.0606729178158 0.800783435926133 0.0286446684788219 "Seleccionado" 0.102480457930695 0.225
79 "ERZ                              " 1 7 57351 7778 39560 76433 3058 67460 6318 6 1022 0.110163728618507 0.750343438043777 56.1164383561644 0.882603064121518 0.0533207790622657 "Seleccionado" 0.0773003033367037 0.393160195422988
80 "Firestone Hispania               " 0 2 56303 9268 7299 50972 -5211 28796 -2837 -71 4266 -0.0503880787879864 1.10458683198619 13.1980778246601 0.564937612807031 -0.0925527947001048 "No seleccionado" -0.713933415536375 -0.562257229175658
81 "Bazán                            " 0 6 53547 3950 -4688 92636 -8014 39703 -5463 164 8560 -0.102022522270155 0.578036616434216 6.25549065420561 0.428591476315903 -0.149662912954974 "No seleccionado" 1.70947098976109 -2.02886075949367
82 "Tragsa                           " 0 5 51559 2958 17987 59773 1494 4905 2007 8 1263 0.0389262786322466 0.862580094691583 40.8226444972288 0.0820604620815418 0.0289765123450804 "Seleccionado" 0.0830599877689442 0.505070993914807
83 "Shell España                     " 0 14 51258 2200 23967 41046 -9 21943 1607 0 505 0.0313512037145421 1.24879403595965 101.50099009901 0.534595332066462 -0.000175582348121269 "Seleccionado" -0.000375516334960571 -0.00409090909090909
84 "GESA                             " 1 7 48777 11291 59570 81036 6566 71591 11652 11 2127 0.23888308014023 0.60191766622242 22.9322990126939 0.883446863122563 0.134612624802673 "Seleccionado" 0.110223266745006 0.58152510849349
85 "Cristalería Española             " 1 9 48401 13119 49432 87235 3848 65997 8131 8 2470 0.167992396851305 0.554834642058807 19.5955465587045 0.756542672092623 0.0795024896179831 "Seleccionado" 0.0778443113772455 0.293315039256041
86 "Ericson                          " 0 18 47965 10600 19975 42519 -2680 8012 3386 -13 2974 0.0705931408318566 1.12808391542604 16.1281102891728 0.188433406241915 -0.0558740748462421 "Seleccionado" -0.134167709637046 -0.252830188679245
87 "El Aguila                        " 1 1 47699 8995 13812 51775 -6306 40064 -2501 -46 1931 -0.0524329650516782 0.921274746499276 24.7017089590886 0.773809753742154 -0.132204029434579 "No seleccionado" -0.456559513466551 -0.701056142301278
88 "Electra deViesgo                 " 1 7 47353 24374 60800 123804 2003 102821 5465 3 944 0.115409794521994 0.382483603114601 50.1620762711864 0.830514361409971 0.0422993263362406 "Seleccionado" 0.0329440789473684 0.0821777303684254
89 "Bayer Hispania Industrial        " 0 15 46504 6000 33602 50602 -2109 28172 547 -6 1314 0.0117624290383623 0.919015058693332 35.3911719939117 0.556736887870045 -0.0453509375537588 "Seleccionado" -0.0627641211832629 -0.3515
90 "Campofrío                        " 1 1 46293 5009 20631 30786 3184 19197 4946 15 1766 0.106841207093945 1.50370298187488 26.213476783692 0.623562658351199 0.0687792970859525 "Seleccionado" 0.15433086132519 0.635655819524855
91 "Santana-Motor                    " 1 2 45835 6215 -652 30671 -7494 14753 -4711 1149 3087 -0.102781717028472 1.49440839881321 14.8477486232588 0.48100811841805 -0.16349950910876 "No seleccionado" 11.4938650306748 -1.20579243765084
92 "Hewlett-Packard                  " 0 8 45380 1100 3978 24746 269 6632 1222 7 830 0.026928162185985 1.83383173038067 54.6746987951807 0.268002909561141 0.00592772146319965 "Seleccionado" 0.067621920563097 0.244545454545455
93 "Red Eléctrica de España          " 0 7 45351 45090 70423 203992 6518 194494 16679 9 1005 0.36777579325704 0.222317541864387 45.1253731343284 0.953439350562767 0.14372340190955 "Seleccionado" 0.0925549891370717 0.144555333776891
94 "Supermercados Sabeco             " 0 4 43756 875 7679 16545 956 6482 1866 12 2140 0.0426455800347381 2.64466606225446 20.4467289719626 0.391779993955878 0.0218484322150105 "Seleccionado" 0.124495377002214 1.09257142857143
95 "Autopistas CESA                  " 1 16 43659 68476 119296 239390 16153 215132 16628 14 1044 0.380860761813143 0.182376039099378 41.8189655172414 0.898667446426334 0.369980989028608 "Seleccionado" 0.135402695815451 0.235892867574041
96 "Induyco                          " 0 18 43599 1440 11214 35262 184 9991 831 2 4269 0.019060070185096 1.23643015143781 10.2129304286718 0.283336169247348 0.00422028028165784 "Seleccionado" 0.0164080613518816 0.127777777777778
97 "Agropecuaria de Guissona         " 0 1 42910 2194 8328 20447 304 5613 790 4 1485 0.018410626893498 2.09859637110579 28.8956228956229 0.274514598718638 0.00708459566534607 "Seleccionado" 0.0365033621517771 0.138559708295351
98 "Sintel                           " 0 10 42503 1100 7433 45106 112 6862 709 2 3642 0.0166811754464391 0.94229149115417 11.6702361339923 0.152130536957389 0.00263510811001576 "Seleccionado" 0.0150679402663797 0.101818181818182
99 "Sarrió                           " 1 13 42124 26756 51835 101872 105 62930 2241 0 1645 0.053200075966195 0.413499293230721 25.6072948328267 0.617735982409298 0.00249264077485519 "Seleccionado" 0.00202565833896016 0.00392435341605621
100 "Percanova                        " 1 1 41682 5358 9344 33015 714 9947 1040 8 1399 0.0249508180989396 1.26251703771013 29.7941386704789 0.301287293654399 0.017129696271772 "Seleccionado" 0.0764126712328767 0.133258678611422
101 "Uralita                          " 1 9 41239 20957 50114 117339 2409 78678 4100 5 2251 0.0994204515143432 0.351451776476704 18.3203020879609 0.670518753355662 0.05841557748733 "Seleccionado" 0.0480703994891647 0.114949658825214
102 "Lain                             " 1 5 41097 3600 7238 41765 902 3570 1257 12 1414 0.0305861741732973 0.984005746438405 29.0643564356436 0.0854782712797797 0.0219480740686668 "Seleccionado" 0.124620060790274 0.250555555555556
103 "Asturiana de Zinc                " 1 11 40953 15400 11240 59182 -9342 43027 -6396 -83 1789 -0.156179034502967 0.69198404920415 22.8915595304639 0.727028488391741 -0.228115156398799 "No seleccionado" -0.831138790035587 -0.606623376623377
104 "Rank Xerox                       " 0 8 40848 4200 7412 32184 64 12791 3339 0 1586 0.0817420681551116 1.26920208799403 25.7553593947037 0.397433507332836 0.00156678417547983 "Seleccionado" 0.00863464651915812 0.0152380952380952
105 "Aceprosa                         " 1 1 40759 4234 7149 20138 -1197 7614 -633 -17 540 -0.0155303123236586 2.02398450690237 75.4796296296296 0.378091170920648 -0.0293677470006624 "No seleccionado" -0.167436005035669 -0.28271138403401
106 "Zardoya Otis                     " 1 6 40568 6597 11988 36101 5130 7667 6243 43 3643 0.153889765332282 1.12373618459322 11.1358770244304 0.212376388465693 0.126454348254782 "Seleccionado" 0.427927927927928 0.77762619372442
107 "Corporación Banesto              " 1 18 40163 22258 251116 299950 5654 213954 5676 2 34 0.141324104275079 0.133898983163861 1181.26470588235 0.713298883147191 0.140776336429052 "Seleccionado" 0.0225154908488507 0.254021026147902
108 "Hunosa                           " 0 12 39634 2250 5570 161661 -1593 118080 5042 -29 14341 0.127214008174799 0.245167356381564 2.763684540827 0.730417354835118 -0.0401927637886663 "Seleccionado" -0.285996409335727 -0.708
109 "Mahou                            " 0 1 39016 3500 41124 60732 5076 38967 8629 12 1507 0.221165675620258 0.642429032470526 25.8898473788985 0.641622209049595 0.130100471601394 "Seleccionado" 0.123431572804202 1.45028571428571
110 "Auxini                           " 0 5 38773 5200 7393 29124 957 6342 1434 13 1681 0.0369844995228638 1.3313075127043 23.0654372397383 0.217758549649773 0.0246821241585639 "Seleccionado" 0.129446773975382 0.184038461538462
111 "Carburos Metálicos               " 1 15 38172 13012 33502 63802 1702 40480 5065 5 1508 0.132688881902966 0.59828845490737 25.3129973474801 0.634462869502523 0.0445876558734151 "Seleccionado" 0.0508029371380813 0.130802336304949
112 "Koipe                            " 1 1 37982 4307 13916 24125 1007 17148 1366 7 432 0.0359644041914591 1.57438341968912 87.9212962962963 0.71079792746114 0.0265125585803802 "Seleccionado" 0.0723627479160678 0.23380543301602
113 "FNMT                             " 0 18 37809 1672 29971 52091 276 27878 2144 1 2002 0.0567060752730831 0.725825958418921 18.8856143856144 0.535178821677449 0.00729984924224391 "Seleccionado" 0.00920890193854059 0.165071770334928
114 "Renault V. Industriales          " 0 2 37587 2000 1336 16123 -3471 5139 -2938 -260 1441 -0.0781653231170351 2.33126589344415 26.0839694656489 0.318737207715686 -0.092345757841807 "No seleccionado" -2.59805389221557 -1.7355
115 "Hermandad Far. del Med.          " 0 4 37056 669 1693 10529 44 1823 162 3 445 0.00437176165803109 3.51942254725045 83.2719101123595 0.173140849083484 0.0011873920552677 "Seleccionado" 0.025989367985824 0.0657698056801196
116 "Viajes Ecuador                   " 0 18 36655 430 472 6504 238 1378 346 50 760 0.00943936707134088 5.63576260762608 48.2302631578947 0.211869618696187 0.00649297503751194 "Seleccionado" 0.504237288135593 0.553488372093023
117 "Vicasa                           " 0 18 38562 6684 20968 41367 1539 22988 4932 7 2478 0.127897930605259 0.932192327217347 15.5617433414044 0.555708656658689 0.0399097557180644 "Seleccionado" 0.0733975581838993 0.230251346499102
118 "Rover España                     " 0 4 36423 250 1707 11568 386 692 461 23 115 0.0126568377124345 3.14859958506224 316.721739130435 0.059820193637621 0.0105976992559646 "Seleccionado" 0.226127709431752 1.544
119 "Autoservios Caprabo              " 0 4 36138 493 6945 14114 1165 5421 1680 17 1628 0.0464884608998838 2.5604364460819 22.1977886977887 0.384086722403288 0.0322375338978361 "Seleccionado" 0.167746580273578 2.3630831643002
120 "Azucarera Española               " 1 1 36031 4119 22178 30703 1831 15975 4069 8 935 0.112930532041853 1.17353353092532 38.5358288770054 0.520307461811549 0.0508173517249036 "Seleccionado" 0.0825592929930562 0.444525370235494
121 "B. Wilcox Española               " 0 6 35949 21733 8754 47456 -10998 18106 -9953 -126 2288 -0.276864446855267 0.757522757923129 15.7119755244755 0.381532366824005 -0.305933405658016 "No seleccionado" -1.25633995887594 -0.506050706299176
122 "Lactaria Española                " 0 1 35655 9500 510 15501 100 5674 627 20 669 0.0175851914177535 2.30017418231082 53.2959641255605 0.366040900587059 0.00280465572850933 "Seleccionado" 0.196078431372549 0.0105263157894737
123 "San Miguel                       " 1 1 35621 4536 19778 28171 1599 16985 4412 8 1277 0.123859521069032 1.26445635582691 27.894283476899 0.602924993787938 0.0448892507228882 "Seleccionado" 0.080847406208919 0.352513227513228
124 "Transmediterránea                " 0 17 35617 3022 33131 54444 2654 39569 5440 8 2532 0.152736053008395 0.654195136286827 14.0667456556082 0.726783483946808 0.0745149788022574 "Seleccionado" 0.080106244906583 0.878226340172071
125 "Ciba-Geigy                       " 0 15 35369 5150 8493 22478 -202 9356 211 -2 852 0.00596567615708671 1.57349408310348 41.5129107981221 0.416229201886289 -0.00571121603664226 "Seleccionado" -0.0237842929471329 -0.0392233009708738
126 "Anglo Española Distribución      " 0 4 35301 25 4857 27161 2275 16818 2885 47 127 0.0817257301492876 1.29969441478591 277.96062992126 0.619196642244395 0.0644457664088836 "Seleccionado" 0.468396129297921 91
127 "Ginéz Navarra                    " 0 5 35185 1040 9086 46009 567 14132 828 6 845 0.0235327554355549 0.764741680975461 41.6390532544379 0.307157295311787 0.0161148216569561 "Seleccionado" 0.0624036979969183 0.545192307692308
128 "Agra                             " 0 1 35158 1085 3831 19188 -239 9315 1526 -6 558 0.043404061664486 1.83229101521784 63.0071684587814 0.485459662288931 -0.00679788383867114 "Seleccionado" -0.0623858000522057 -0.220276497695853
129 "Urbis                            " 1 5 35151 13921 36531 103641 2021 28482 2305 6 167 0.0655742368638161 0.33916114279098 210.48502994012 0.274814021477987 0.0574948081135672 "Seleccionado" 0.0553228764610878 0.145176352273544
130 "Puleva                           " 1 1 34815 2844 10111 32714 194 26576 1619 2 1214 0.0465029441332759 1.06422326832549 28.6779242174629 0.812373907195696 0.00557231078558093 "Seleccionado" 0.0191870240332311 0.0682137834036568
131 "Consum                           " 0 4 34255 745 1531 13956 331 8384 1024 22 1557 0.0298934462122318 2.45449985669246 22.0006422607579 0.600745199197478 0.00966282294555539 "Seleccionado" 0.216198563030699 0.444295302013423
132 "Benckiser                        " 0 15 30013 8080 8224 38244 172 29949 365 2 160 0.0121613967280845 0.784776696998222 187.58125 0.78310323187951 0.00573084996501516 "Seleccionado" 0.0209143968871595 0.0212871287128713
133 "Balay                            " 0 10 33979 4794 10388 19242 725 5828 1943 7 1452 0.0571823773507166 1.76587672799085 23.4015151515152 0.302879118594741 0.0213367079666853 "Seleccionado" 0.0697920677705044 0.151230705047977
134 "Aguas de Barcelona               " 1 16 33581 20132 75490 98343 5373 84831 8862 7 1251 0.263899228730532 0.341468126862105 26.8433253397282 0.862603337299045 0.160001191149757 "Seleccionado" 0.0711749900649093 0.266888535664614
135 "CAF                              " 1 6 33422 1714 9502 35023 1561 9642 2672 16 2785 0.0799473400753994 0.954287182708506 12.0007181328546 0.275304799703052 0.0467057626712944 "Seleccionado" 0.164281203957062 0.91073512252042
136 "Enusa                            " 0 12 33202 10000 23374 85809 2117 30873 3243 9 730 0.0976748388651286 0.386929110000117 45.4821917808219 0.359787434884453 0.0637612192036624 "Seleccionado" 0.0905707196029777 0.2117
137 "Diario el País                   " 0 18 33148 3000 6171 11946 5032 6317 6287 82 815 0.189664534813563 2.77482002343881 40.6723926380368 0.528796249790725 0.151804030409074 "Seleccionado" 0.815426997245179 1.67733333333333
138 "Elecnor                          " 1 10 33078 1500 6863 22186 1125 4946 1582 16 2760 0.0478263498397727 1.4909402325791 11.9847826086957 0.222933381411701 0.0340105205877018 "Seleccionado" 0.163922482879207 0.75
139 "Cepsa Red                        " 0 4 32916 6296 6228 28497 1661 17557 2474 27 560 0.0751610159193098 1.1550689546268 58.7785714285714 0.616099940344598 0.0504617815044355 "Seleccionado" 0.26669877970456 0.263818297331639
140 "Quimidroga                       " 0 4 32801 58 2965 14250 195 2092 324 7 313 0.00987774762964544 2.30182456140351 104.79552715655 0.14680701754386 0.00594494070302735 "Seleccionado" 0.0657672849915683 3.36206896551724
141 "Eulen                            " 1 18 32696 680 3527 16839 216 3045 658 6 15740 0.0201247859065329 1.94168299780272 2.07725540025413 0.180830215570996 0.00660631269880108 "Seleccionado" 0.061241848596541 0.317647058823529
142 "Damm                             " 1 1 32566 7049 18117 37091 4798 20204 7236 26 1062 0.222194927224713 0.87800274999326 30.6647834274953 0.544714351190316 0.147331572805994 "Seleccionado" 0.264834133686593 0.680663923960846
143 "Aluminio Español                 " 0 11 32155 31679 35755 67773 -5945 54538 -3349 -17 882 -0.10415176488882 0.474451477727118 36.4569160997732 0.804715742257241 -0.184885709842948 "No seleccionado" -0.166270451685079 -0.187663752012374
144 "Vall Companys                    " 0 1 32132 188 16511 20058 1613 4841 1839 10 95 0.0572326652558197 1.60195433243594 338.231578947368 0.241350084754213 0.0501991783891448 "Seleccionado" 0.0976924474592696 8.57978723404255
145 "Continental Hispánica            " 0 4 32065 623 3088 11374 1708 2595 1737 55 59 0.0541712147200998 2.81914893617021 543.474576271186 0.228151925443995 0.0532668018088258 "Seleccionado" 0.553108808290155 2.74157303370787
146 "Central Lechera Asturiana        " 0 1 31406 967 5686 12980 202 4508 636 4 810 0.0202509074699102 2.41956856702619 38.7728395061728 0.347303543913713 0.00643189199516016 "Seleccionado" 0.0355258529722125 0.208893485005171
147 "Cortefiel                        " 0 4 30973 2002 13602 22073 2557 6603 3202 19 3030 0.10338036354244 1.40320753862185 10.2221122112211 0.299143750283151 0.082555774384141 "Seleccionado" 0.187987060726364 1.27722277722278
148 "Merco                            " 0 4 30726 26782 -4543 13263 -5817 8731 -5209 128 344 -0.169530690620322 2.31667043655282 89.3197674418605 0.658297519414914 -0.189318492481937 "No seleccionado" 1.28043143297381 -0.217198118139049
149 "Lever España                     " 0 15 30611 2090 1939 10917 -669 3893 -97 -35 697 -0.00316879553101826 2.80397545113126 43.9182209469154 0.356599798479436 -0.0218548887654765 "No seleccionado" -0.345023207839092 -0.320095693779904
150 "Retevisión                       " 0 16 29902 19342 32929 85087 2660 51574 7310 8 1317 0.244465253160324 0.351428537849495 22.7046317388003 0.606132546687508 0.0889572603839208 "Seleccionado" 0.0807798596981384 0.137524557956778
151 "Acenor                           " 0 11 29846 7713 -8187 81486 -16310 64243 -13217 199 2317 -0.442839911545936 0.366271506761898 12.8813120414329 0.788393098200918 -0.546471889030356 "No seleccionado" 1.99218272871626 -2.11461169454168
152 "Cetesa                           " 0 18 29755 434 4816 18351 2527 7196 3249 52 1208 0.109191732481936 1.62143752384066 24.6316225165563 0.392131219007139 0.0849269030415056 "Seleccionado" 0.524709302325581 5.82258064516129
153 "Gruma                            " 0 4 29381 811 2330 9091 362 2573 467 16 290 0.0158946257785644 3.23187768122319 101.313793103448 0.283027169728303 0.0123208876484803 "Seleccionado" 0.155364806866953 0.44636251541307
154 "Bimbo                            " 0 1 29254 2300 14698 21181 1175 11933 2256 8 2710 0.0771176591235387 1.38114347764506 10.7948339483395 0.563382276568623 0.0401654474601764 "Seleccionado" 0.0799428493672609 0.510869565217391
155 "Canal Isabel II                  " 0 16 29071 52387 203905 265557 9 246666 5381 0 1958 0.185098551821403 0.10947178948399 14.8472931562819 0.92886273003536 0.000309586873516563 "Seleccionado" 4.41382016134965e-05 0.000171798346918129
156 "SE Metales Preciosos             " 0 11 28920 132 4158 8303 215 1052 400 5 239 0.0138312586445367 3.48307840539564 121.004184100418 0.126701192340118 0.00743430152143845 "Seleccionado" 0.0517075517075517 1.62878787878788
157 "Agfa Gevaert                     " 0 15 28756 3190 11901 27163 325 4288 1063 3 783 0.0369661983586034 1.05864595221441 36.7254150702427 0.157861797297795 0.0113019891500904 "Seleccionado" 0.0273086295269305 0.101880877742947
158 "Química Farmacéutica Bayer       " 0 15 28713 1550 8410 19733 2283 4372 2807 27 1098 0.097760596245603 1.45507525464957 26.1502732240437 0.221557796584402 0.0795110228816216 "Seleccionado" 0.271462544589774 1.47290322580645
159 "OMSA                             " 1 1 28370 3131 7197 11508 878 4530 1321 12 1278 0.0465632710609799 2.46524157108099 22.1987480438185 0.393639207507821 0.0309481847021502 "Seleccionado" 0.121995275809365 0.280421590546151
160 "Finazauto                        " 1 4 27553 5287 8527 32272 -5382 13463 -4813 -63 1897 -0.174681522883171 0.853774169558751 14.524512387981 0.417172781358453 -0.195332631655355 "No seleccionado" -0.631171572651577 -1.01796860223189
161 "Corviam                          " 0 5 27408 NA 1656 14558 NA 1191 257 0 609 0.00937682428488033 1.88267619178459 45.0049261083744 0.0818106882813573 NA "Seleccionado" NA NA
162 "Fujitsu España                   " 0 8 27341 3500 -850 22889 -4325 3459 -3514 509 1387 -0.128524925935408 1.19450391017519 19.7123287671233 0.151120625628031 -0.158187337697963 "No seleccionado" 5.08823529411765 -1.23571428571429
163 "Du Pont Iberica                  " 0 4 26952 11475 11139 47722 -468 37393 -94 -4 350 -0.00348768180468982 0.564770965173295 77.0057142857143 0.7835589455597 -0.0173642030276046 "No seleccionado" -0.0420145434958255 -0.0407843137254902
164 "ENCE                             " 1 13 26835 18000 20395 59135 -5482 42327 -1647 -27 959 -0.0613750698714366 0.453792170457428 27.9822732012513 0.715769003128435 -0.204285448108813 "No seleccionado" -0.26879137043393 -0.304555555555556
165 "Auto Mare Nostrum                " 1 16 26709 66725 80773 198537 6672 194748 6996 8 630 0.26193417949006 0.134529080221823 42.3952380952381 0.980915396122637 0.249803437043693 "Seleccionado" 0.0826018595322695 0.0999925065567628
166 "Comercial Citroën                " 0 4 26270 486 839 5835 113 1091 307 13 494 0.0116863342215455 4.50214224507284 53.1781376518219 0.186975149957155 0.00430148458317472 "Seleccionado" 0.134684147794994 0.232510288065844
167 "Cobra                            " 1 10 26121 3059 11387 27110 790 6496 1483 7 1884 0.0567742429462884 0.963518996680192 13.8646496815287 0.239616377720398 0.0302438650893917 "Seleccionado" 0.0693773601475367 0.258254331480876
168 "Midesa                           " 0 4 26084 900 3268 11586 240 2380 381 7 190 0.0146066554209477 2.25133782150872 137.284210526316 0.205420334886933 0.00920104278484895 "Seleccionado" 0.0734394124847001 0.266666666666667
169 "Frigo                            " 0 1 25659 3468 5457 16752 1081 9464 2546 20 902 0.0992244436649908 1.53169770773639 28.4467849223947 0.56494746895893 0.0421294672434623 "Seleccionado" 0.198094190947407 0.311707035755479
170 "3M España                        " 0 15 25643 1600 12562 22485 464 10262 1197 4 875 0.0466794056857622 1.14044918834779 29.3062857142857 0.456393150989549 0.0180946067152829 "Seleccionado" 0.0369367935042191 0.29
171 "Lácteos Tetra Pack               " 0 13 25246 400 939 6140 257 1622 600 27 14 0.0237661411708786 4.11172638436482 1803.28571428571 0.264169381107492 0.010179830468193 "Seleccionado" 0.273695420660277 0.6425
172 "NCR España                       " 0 4 25171 1500 5534 19049 2155 8378 2580 39 1190 0.102498907472885 1.32138169982676 21.1521008403361 0.439813113549268 0.0856143975209567 "Seleccionado" 0.389410914347669 1.43666666666667
173 "Air España                       " 0 17 25126 1400 2040 4639 109 762 285 5 641 0.0113428321260845 5.41625350291011 39.198127925117 0.164259538693684 0.00433813579559023 "Seleccionado" 0.0534313725490196 0.0778571428571429
174 "Canon España                     " 0 4 25027 53 12351 20193 899 3871 1310 7 473 0.0523434690534223 1.23938988758481 52.9112050739958 0.191700094092012 0.0359212050984936 "Seleccionado" 0.0727876285321027 16.9622641509434
175 "Copaga                           " 0 1 24770 290 3205 8193 4 1961 303 0 53 0.0122325393621316 3.0233125839131 467.358490566038 0.239350665202002 0.000161485668146952 "Seleccionado" 0.00124804992199688 0.0137931034482759
176 "Antena 3 Televisión              " 0 18 24572 25000 22697 54355 -861 16598 740 -4 981 0.0301155787074719 0.452065127403183 25.0479102956167 0.305362892098243 -0.0350398827934234 "Seleccionado" -0.0379345287923514 -0.03444
177 "Laminados Velasco                " 0 4 24313 1562 4804 13499 -112 3720 79 -2 207 0.00324929050302307 1.80109637750945 117.454106280193 0.275575968590266 -0.00460658906757702 "Seleccionado" -0.0233139050791007 -0.0717029449423816
178 "Gallina Blanca Purina            " 0 1 24198 469 1953 6785 609 3093 933 31 658 0.0385569055293826 3.56639646278556 36.7750759878419 0.455858511422255 0.0251673692040665 "Seleccionado" 0.311827956989247 1.29850746268657
179 "Pirelli Neumaticos               " 0 2 24175 7500 10122 21835 -1148 10522 1 -11 1620 4.13650465356774e-05 1.10716739180215 14.9228395061728 0.481886878864209 -0.0474870734229576 "Seleccionado" -0.113416320885201 -0.153066666666667
180 "Philip Morris                    " 0 18 24135 450 8445 12780 4834 6783 5549 57 777 0.229915061114564 1.88849765258216 31.0617760617761 0.53075117370892 0.200290035218562 "Seleccionado" 0.572409709887507 10.7422222222222
181 "Bendiz España                    " 1 2 24040 2554 8502 14161 64 5628 878 1 1259 0.036522462562396 1.69762022456041 19.0945194598888 0.397429560059318 0.00266222961730449 "Seleccionado" 0.00752764055516349 0.0250587314017228
182 "Editorial Planeta                " 0 18 23976 400 26004 49654 4305 20107 5056 17 429 0.210877544210878 0.482861400894188 55.8881118881119 0.404942200024167 0.179554554554555 "Seleccionado" 0.16555145362252 10.7625
183 "Kodak                            " 0 4 23837 2578 6427 15557 -1921 5003 -1046 -30 660 -0.0438813609095104 1.53223629234428 36.1166666666667 0.321591566497397 -0.0805890002936611 "No seleccionado" -0.298895285514237 -0.745151280062064
184 "Aldesa                           " 0 4 23752 1875 9049 12881 2491 5722 2851 28 816 0.12003199730549 1.84395621457961 29.1078431372549 0.444220169241519 0.10487537891546 "Seleccionado" 0.275279036357609 1.32853333333333
185 "Tudor                            " 1 10 23416 7875 18552 38374 -1121 19206 -118 -6 1608 -0.00503928937478647 0.610204826184396 14.5621890547264 0.500495126908845 -0.0478732490604715 "No seleccionado" -0.0604247520482967 -0.142349206349206
186 "N. Montaña Quijano               " 1 11 23379 20102 26393 37906 693 32113 1922 3 591 0.0822105308182557 0.616762517807207 39.5583756345178 0.847174589774706 0.0296419863980495 "Seleccionado" 0.026256962073277 0.0344741816734653
187 "Obrascón                         " 1 5 23117 2628 6438 20593 923 2445 1137 14 578 0.0491845827745815 1.12256592045841 39.9948096885813 0.118729665420288 0.0399273262101484 "Seleccionado" 0.143367505436471 0.351217656012177
188 "Endesa                           " 0 14 22808 600 133679 144283 91 137619 4713 0 238 0.206638021746756 0.158078221273469 95.8319327731092 0.953812992521642 0.00398982813048053 "Seleccionado" 0.00068073519400953 0.151666666666667
189 "AEG Ibérica                      " 0 10 22723 5136 5580 13330 -1367 2147 -1128 -24 700 -0.0496413325705233 1.7046511627907 32.4614285714286 0.161065266316579 -0.0601593099502706 "No seleccionado" -0.244982078853047 -0.266160436137072
190 "SE del Oxigeno                   " 1 15 22626 6191 20600 31041 3207 15653 5104 16 879 0.225581189781667 0.728906929544796 25.740614334471 0.504268548049354 0.14173959162026 "Seleccionado" 0.155679611650485 0.518010014537232
191 "Dumez Copisa                     " 0 5 22413 3179 2421 19568 -4841 1157 -4670 -200 1212 -0.208361218935439 1.14539043336059 18.4925742574257 0.0591271463614064 -0.215990719671619 "No seleccionado" -1.99958694754234 -1.52280591380937
192 "Mobil Oil                        " 0 14 22367 520 1864 7711 -686 3727 -396 -37 166 -0.0177046541780301 2.90066139281546 134.740963855422 0.483335494747763 -0.0306701837528502 "No seleccionado" -0.368025751072961 -1.31923076923077
193 "Moulinex España                  " 1 10 22249 1075 7220 19577 556 4441 1221 8 1255 0.0548788709604926 1.13648669356898 17.7282868525896 0.226847831639168 0.0249898871859409 "Seleccionado" 0.0770083102493075 0.517209302325581
194 "AT & Nerwork Systems España      " 0 10 22244 7995 7535 47346 -6067 19540 -5077 -81 768 -0.228241323502967 0.469817936045284 28.9635416666667 0.41270645883496 -0.272747707246898 "No seleccionado" -0.805175846051759 -0.7588492808005
195 "Focoex                           " 0 4 22225 1650 3824 14082 271 2957 336 7 97 0.0151181102362205 1.57825592955546 229.123711340206 0.209984377219145 0.0121934758155231 "Seleccionado" 0.0708682008368201 0.164242424242424
196 "Teka Industrial                  " 0 6 21547 1200 7346 16855 1602 8479 1800 22 405 0.0835383115979023 1.27837436962326 53.2024691358025 0.503055473153367 0.074349097322133 "Seleccionado" 0.218077865505037 1.335
197 "Sacir                            " 0 5 21145 785 2298 9433 1187 1230 1542 52 885 0.0729250413809411 2.24159864306159 23.8926553672316 0.130393300116612 0.0561362024119177 "Seleccionado" 0.516536118363795 1.51210191082803
198 "Anecoop                          " 0 1 21092 535 871 3722 76 568 118 9 63 0.00559453821354068 5.66684578183772 334.793650793651 0.15260612573885 0.00360326190024654 "Seleccionado" 0.087256027554535 0.142056074766355
199 "Hidroeléctricas del Segre        " 0 7 20734 5500 13512 31287 10 27632 1305 0 327 0.0629400983891193 0.66270335922268 63.4067278287462 0.883178316872823 0.000482299604514324 "Seleccionado" 0.0007400828892836 0.00181818181818182
200 "Laboratorios Almirall            " 0 15 20308 3000 9651 22520 1536 10251 1995 16 973 0.0982371479220012 0.901776198934281 20.8715313463515 0.455195381882771 0.0756352176482175 "Seleccionado" 0.159154491762512 0.512
201 "Aluminia Española                " 0 11 20184 23000 27460 47730 -3903 37204 -1036 -14 678 -0.0513277843836702 0.422878692646134 29.7699115044248 0.779467839932956 -0.193370986920333 "No seleccionado" -0.142134013109978 -0.169695652173913
202 "EM Transportes de Madrid         " 0 17 20173 9712 8272 22399 -3158 14075 -992 -38 6716 -0.0491746393694542 0.90062056341801 3.00372245384157 0.628376266797625 -0.156545878153968 "No seleccionado" -0.381769825918762 -0.325164744645799
203 "Pascual Hermanos                 " 1 1 20076 8726 4995 14381 -2442 8544 -1851 -49 5074 -0.0921996413628213 1.39600862248801 3.95664170279858 0.594117238022391 -0.121637776449492 "No seleccionado" -0.488888888888889 -0.279853311941325
204 "John Deere Ibérica               " 0 6 19945 4100 5698 12378 -2130 2550 -1521 -37 1046 -0.0762597142140887 1.61132654709969 19.0678776290631 0.206010664081435 -0.106793682627225 "No seleccionado" -0.373815373815374 -0.519512195121951
205 "Paradores de Turismo             " 0 18 19784 15889 17241 21037 388 14368 1492 2 4300 0.0754144763445208 0.940438275419499 4.60093023255814 0.682987117935067 0.0196118075212293 "Seleccionado" 0.0225044950988922 0.0244194096544779
206 "Porland Valderrivas              " 1 3 19760 3630 36092 50164 3683 45510 5970 10 552 0.302125506072874 0.393907981819632 35.7971014492754 0.907224304281955 0.186386639676113 "Seleccionado" 0.102044774465255 1.01460055096419
207 "Arrocerías Herba                 " 0 1 19543 2500 9582 19361 808 12175 1061 8 308 0.0542905388118508 1.00940034089148 63.4512987012987 0.628841485460462 0.0413447270122294 "Seleccionado" 0.084324775620956 0.3232
208 "Hisalba                          " 1 3 19447 15228 28454 58580 -3620 49385 599 -13 689 0.0308016660667455 0.331973369750768 28.2249637155298 0.843035165585524 -0.186146963541934 "Seleccionado" -0.127222886061714 -0.237719989493039
209 "Unisys España                    " 0 8 19177 1220 5038 16495 -3816 1459 -2927 -76 635 -0.152630755592637 1.16259472567445 30.2 0.0884510457714459 -0.198988371486677 "No seleccionado" -0.757443429932513 -3.12786885245902
210 "Metro de Madrid                  " 0 17 19031 2340 58518 118882 -405 96209 4652 -1 5776 0.244443276758972 0.16008310761932 3.29484072022161 0.809281472384381 -0.0212810677315958 "Seleccionado" -0.00692094740079975 -0.173076923076923
211 "Starlux                          " 0 1 18948 7400 11461 14375 1513 3094 1853 13 607 0.0977939624234748 1.31812173913043 31.2158154859967 0.215234782608696 0.0798501161072409 "Seleccionado" 0.132012913358346 0.204459459459459
212 "Informática El Corte Inglés      " 0 4 18818 NA 3131 6601 466 467 775 15 110 0.0411839727920077 2.85078018482048 171.072727272727 0.0707468565368884 0.0247635242852588 "Seleccionado" 0.148834238262536 NA
213 "Asland                           " 1 3 18522 23118 102694 109400 1525 84559 3598 1 327 0.194255479969766 0.169305301645338 56.6422018348624 0.772934186471664 0.0823345211100313 "Seleccionado" 0.0148499425477633 0.0659659140064019
214 "Seda de Barcelona                " 1 18 18288 5035 5079 22191 -7193 14012 -5862 -142 1887 -0.320538057742782 0.824117885629309 9.69157392686804 0.63142715515299 -0.393318022747157 "No seleccionado" -1.416223666076 -1.42859980139027
215 "Sidmed                           " 0 11 18209 17500 17916 34442 -254 27383 1686 -1 995 0.0925915755944862 0.528685906741769 18.3005025125628 0.795046745252889 -0.0139491460266901 "Seleccionado" -0.0141772717124358 -0.0145142857142857
216 "Productos Asfálticos             " 0 9 18014 525 1448 7308 662 1627 810 46 143 0.0449650272010658 2.46496989600438 125.972027972028 0.222632731253421 0.0367491950705007 "Seleccionado" 0.457182320441989 1.26095238095238
217 "EN Eléctronica de Córdoba        " 0 7 17617 9000 12225 17681 2001 12106 4569 16 187 0.259351762502129 0.99638029523217 94.2085561497326 0.68468977998982 0.113583470511438 "Seleccionado" 0.163680981595092 0.222333333333333
218 "Metalúrgica Galicia              " 0 11 17486 550 11278 14873 1904 4978 3063 17 296 0.175168706393686 1.17568748739326 59.0743243243243 0.334700463927923 0.10888710968775 "Seleccionado" 0.1688242596205 3.46181818181818
219 "Valenciana de Cementos           " 1 3 17149 25122 26832 66729 -3730 51326 -2901 -14 1094 -0.169164382762843 0.2569947099462 15.6755027422303 0.769170825278365 -0.217505393900519 "No seleccionado" -0.139013118664281 -0.148475439853515
220 "Alcofarsa                        " 0 4 17103 560 501 3202 42 1506 201 8 196 0.0117523241536573 5.34134915677701 87.2602040816327 0.470331043098064 0.0024557095246448 "Seleccionado" 0.0838323353293413 0.075
221 "Discoa                           " 0 4 16960 250 962 2351 -3 860 29 0 280 0.00170990566037736 7.21395150999575 60.5714285714286 0.365801786473841 -0.00017688679245283 "Seleccionado" -0.00311850311850312 -0.012
222 "Televisión de Cataluña           " 0 16 16910 2500 18681 27097 -5388 7743 -4076 -29 1367 -0.241040804257836 0.624054323356829 12.370153621068 0.285751190168653 -0.318628030751035 "No seleccionado" -0.288421390717842 -2.1552
223 "Petroquímica Española            " 0 15 16608 625 5500 10873 1955 3804 2737 36 240 0.164800096339114 1.52745332474938 69.2 0.349857445047365 0.117714354527938 "Seleccionado" 0.355454545454545 3.128
224 "Prosegur                         " 1 18 15985 5200 10089 20156 793 15449 1024 8 3991 0.0640600563027839 0.793064100019845 4.00526183913806 0.766471522127406 0.0496090084454176 "Seleccionado" 0.0786004559421152 0.1525
225 "Vias y Construcciones            " 0 5 15740 720 3758 13437 737 1691 912 20 213 0.0579415501905972 1.17139242390415 73.8967136150235 0.125846543127186 0.0468233799237611 "Seleccionado" 0.196114954763172 1.02361111111111
226 "Bodegas y Bebidas                " 1 1 15730 3557 10631 19809 754 7544 1164 7 628 0.0739987285441831 0.794083497400172 25.0477707006369 0.38083699328588 0.0479338842975207 "Seleccionado" 0.0709246543128586 0.211976384593759
227 "Hullera Vasco-Leonesa            " 1 12 15622 3420 12121 20997 1096 14189 2007 9 1547 0.128472666752016 0.744011049197504 10.09825468649 0.675763204267276 0.070157470234285 "Seleccionado" 0.0904215823776916 0.32046783625731
228 "Frint España                     " 0 4 15620 500 604 13758 18 1217 25 3 14 0.00160051216389245 1.13533943887193 1115.71428571429 0.0884576246547463 0.00115236875800256 "Seleccionado" 0.0298013245033113 0.036
229 "SKF Española                     " 0 6 15117 2862 -541 10757 -4026 5058 -3416 744 982 -0.225970761394457 1.40531746769545 15.3940936863544 0.470205447615506 -0.266322683072038 "No seleccionado" 7.44177449168207 -1.40670859538784
