"PROVINCIA" "POBLACION" "URBAN" "VEGROW" "BIRTH" "FECUND" "DEATH" "VEGROWR" "DOMMIG" "FORMIG" "MIGBAL" "MIGRATE" "X2539POP" "X2539ADU" "HOUSEPR" "ACTIRATE" "UNEMPR" "CHILDEP" "SOCWELF" "RESTLEV" "TOURLEV" "OVERNPR" "RDBPC"
"1" "A Coruna" 1108002 43.7 -3801 6.8 26.7 10.3 -3.4 25922 5422 3331 3.01 0.231976949473 0.310589226926 764 50.1 11.9 17.3 6 2841 1333 0.880960422008 85.057694172404
"2" "Alava" 288793 82.6 50 8.1 30 7.9 0.2 5568 1676 1990 6.95 0.256673661863 0.343638242073 1676 58.1 7.7 17.1 9 643 379 0.151212401574 123.54310094056
"3" "Albacete" 367283 64.2 597 10.1 40.6 8.4 1.6 6346 3222 2916 8.03 0.243567640166 0.351177679418 598 50.7 5.8 25.8 5 629 287 0.421754693416 82.604479782798
"4" "Alicante" 1490265 78.2 1491 9.5 36.9 8.5 1 43090 29230 37304 25.81 0.24683071977 0.350800375641 851 56 11.1 22.8 6 4450 4853 7.825232912242 88.12178803452
"5" "Almeria" 533168 55.5 1998 11.8 44.6 7.9 3.9 13393 10151 8808 17 0.260983621218 0.394411485625 828 52.8 8.7 26.8 5 1294 1579 1.645107128712 92.591874333366
"6" "Asturias" 1075329 64.8 -6102 6.1 24 11.7 -5.7 19619 4162 1977 1.84 0.22562319026 0.29233120721 908 44.5 10.4 15.3 5 3033 1322 1.598002549738 92.989430815476
"7" "Avila" 163885 29 -805 7.1 32.5 12 -4.9 3024 358 -385 -2.33 0.207749538062 0.2744148833 730 45.1 7.5 19.1 3 377 278 0.499938058952 93.02821681373
"8" "Badajoz" 664251 46.9 10 9.9 40.3 9.9 0 10109 1245 202 0.31 0.233122913746 0.340452292123 512 51.2 19 26.3 4 1242 390 0.75165581975 69.911761853971
"9" "Barcelona" 4804606 85.2 2211 9.6 37 9.2 0.5 145750 21223 11261 2.38 0.254184052317 0.346432420169 1584 56.6 9.8 19.3 10 11930 8599 6.606920869481 111.228546494715
"10" "Burgos" 349810 65.9 -868 7.6 31.9 10.1 -2.5 6711 810 -525 -1.51 0.232043882224 0.307291765501 1185 53.7 7 18.2 6 864 500 0.67574038064 109.57044506933
"11" "Caceres" 409130 36 -761 8.6 36.4 10.5 -1.9 7397 766 -1393 -3.42 0.225047755196 0.315423213821 538 48.3 17.8 22.1 5 998 327 0.775086531795 80.830020362649
"12" "Cadiz" 1131346 87.1 3745 11 40 7.7 3.3 22291 1163 -68 -0.06 0.254927267663 0.387524030999 779 55.6 26.7 25.9 3 2297 2703 3.152950778484 76.437506060312
"13" "Cantabria" 537606 59.7 -1364 7.6 29 10.1 -2.6 16196 1339 3168 5.96 0.236878446586 0.319343079485 1063 50.7 9.7 17.8 8 1360 1128 1.448428606378 103.141665858625
"14" "Castellon" 485173 69.5 -431 9.5 37.9 10.4 -0.9 13072 4133 6982 14.72 0.24856882241 0.345491469417 745 54.9 4.8 21.3 7 1384 1008 2.514242859894 109.541355570639
"15" "Ciudad Real" 478581 58.1 -541 9.6 39.7 10.7 -1.1 7597 1756 237 0.5 0.229028910737 0.328454695439 541 48.3 9.4 25.9 3 1014 227 0.53536253534 86.405507611752
"16" "Cordoba" 769625 68.3 960 10.3 40.6 9.1 1.2 10050 1024 -1484 -1.93 0.23689797376 0.347281566852 673 48.5 22.3 26.2 2 1420 588 0.625089547193 76.844759041986
"17" "Cuenca" 201526 28.4 -663 8.1 37.4 11.4 -3.3 3742 1639 426 2.12 0.216515428309 0.292823534971 580 46.2 8.5 23.2 1 419 217 0.444630018616 93.260932803258
"18" "Girona" 579650 45.9 142 9.3 36.7 9.1 0.3 22712 5833 9695 17.14 0.244479076745 0.336359321951 952 64.1 7.6 21.6 10 1341 3538 4.644019600843 129.50644817221
"19" "Granada" 812637 56.2 1085 10.6 40.4 9.2 1.3 22147 1407 -788 -0.97 0.24154273057 0.356568451312 760 48.9 17.5 24.2 3 1745 1770 2.208016494112 80.413070881412
"20" "Guadalajara" 171532 51.8 -20 9.4 38.7 9.5 -0.1 8000 1160 3592 21.72 0.247395699404 0.340348256751 838 48 8.5 22.1 6 261 179 0.428683311861 82.294191796761
"21" "Guipuzcoa" 680069 69 -146 8.6 33.5 8.9 -0.2 13615 1396 102 0.15 0.247953049678 0.328827214699 1773 56.7 6.9 17.8 8 1214 709 0.593799865545 126.316299815767
"22" "Huelva" 461730 60.3 480 10.3 39.5 9.3 1 8887 1022 758 1.65 0.248361901427 0.369174164524 822 51.9 19.6 24.8 1 866 858 2.543622511223 84.708620188112
"23" "Huesca" 205955 47.9 -982 7.7 34 12.5 -4.8 4044 1094 909 4.42 0.222302931691 0.292529057912 700 47.5 3.9 19.4 6 507 567 0.754900655104 113.342383399593
"24" "Jaen" 645781 57.3 1073 11.1 44.8 9.4 1.7 9496 853 -1475 -2.28 0.23176664285 0.343471405389 531 49.9 19.7 27.6 3 989 386 0.450874300382 78.483467468244
"25" "La Rioja" 271976 60.2 -497 8.6 34.6 10.4 -1.9 7503 4154 5357 20.14 0.240576504687 0.324367520368 928 52.8 7.3 19 8 768 321 0.549541834047 116.881605740328
"26" "Las Palmas" 924558 66.7 4118 11.4 39.8 6.8 4.6 35850 14789 19667 21.91 0.290671371086 0.429701499497 1184 57 11.1 23.7 7 1966 9804 7.993626829166 94.075438766605
"27" "Leon" 499517 49.3 -2166 6.3 26.5 10.6 -4.3 11878 1619 -759 -1.51 0.216257358041 0.283791838729 708 41.9 10.6 17.6 4 1288 556 0.6294068198 91.748278871327
"28" "Lleida" 365023 38.2 -857 8.7 35.9 11.1 -2.4 7643 2115 1377 3.81 0.23443013092 0.315579391007 723 55.5 6.2 19.9 7 895 717 0.624084131683 119.790555609425
"29" "Lugo" 364125 29.5 -3178 5.4 24.2 14.1 -8.7 6034 650 40 0.11 0.201186641614 0.258140202339 518 50.6 10.4 17 2 733 295 0.531974184093 87.821196548046
"30" "Madrid" 5372433 93.4 13899 10 36.3 7.3 2.7 142242 137165 130824 25.13 0.269738229858 0.375299068072 1714 56.2 6.7 19.7 10 14658 9275 4.248193564521 118.578493163968
"31" "Malaga" 1302240 81.8 3064 10.4 38.6 8 2.4 31114 13229 17609 13.77 0.251651687585 0.369161749335 1022 51.7 13.6 24.2 4 3673 6772 5.856824243563 81.789973819451
"32" "Mallorca" 878627 60.7 1430 10.5 39.4 8.8 1.7 39947 5950 17077 20.19 0.264763226399 0.373108239112 1456 60.2 6.7 22.2 9 2880 15349 11.201866256362 121.904392514302
"33" "Murcia" 1190378 75.4 3407 11.4 43.4 8.4 3 22806 20605 21306 18.54 0.261900428006 0.390686226886 657 54.4 11.2 26 6 2977 1353 1.726685279582 85.649180645787
"34" "Navarra" 556263 51.8 115 9.4 37.3 9.2 0.2 16421 1711 2826 5.2 0.251091612708 0.340708299461 1167 54.6 5.1 19.5 10 1375 788 0.619603772834 122.24376999903
"35" "Ourense" 344623 31.5 -2786 5.3 24.3 13.4 -8.1 8677 1993 948 2.75 0.196385834077 0.251329133549 727 48.7 8.5 16.9 1 747 241 0.484293933027 92.669446329875
"36" "Palencia" 177345 45.2 -809 6.8 28.4 11.4 -4.5 3744 380 -335 -1.88 0.218860361886 0.291285805998 755 46.9 9.5 18.8 4 401 166 0.248792574478 100.659361970329
"37" "Pontevedra" 916176 46 -744 8.1 30.5 8.9 -0.8 16346 4482 2575 2.82 0.24007285128 0.334013775097 776 53.1 13.6 19.4 4 2013 1156 0.920133111723 84.068651216911
"38" "Salamanca" 350209 54 -1411 7 29.3 11.1 -4 8688 291 -927 -2.65 0.223492443773 0.29724425357 1055 52.8 13.9 18.7 7 964 558 0.616331681971 90.982255405799
"39" "Santa Cruz de Tenerife" 856808 51.7 2673 10.5 37.3 7.2 3.3 25497 8627 11104 13.56 0.272119147101 0.391308532482 1064 56.6 11.2 21.4 6 1939 7521 6.082785637829 90.865897411035
"40" "Segovia" 147028 36.9 -464 8 35 11.2 -3.2 3386 620 389 2.65 0.229542161496 0.307434209333 858 51.4 9.5 20.4 6 350 228 0.422629997381 125.831474837584
"41" "Sevilla" 1747441 81 4200 10.7 39.9 8.3 2.4 36516 3896 2158 1.24 0.257391889225 0.383371109676 843 55.4 19.6 27.4 3 3459 2671 1.358325915315 81.450596334723
"42" "Soria" 91314 37.5 -482 6.8 31.4 12.1 -5.3 1954 569 424 4.66 0.21693839082 0.281589377441 811 53.7 4.3 19.3 7 179 132 0.267722642426 107.747503151362
"43" "Tarragona" 612086 61.9 -204 9.3 36.9 9.7 -0.3 26393 4762 12520 20.92 0.241573761672 0.334124324803 825 61.9 8.3 21 7 1694 2424 4.384396759483 110.511005527005
"44" "Teruel" 136233 32 -851 6.9 32.7 13.1 -6.2 3062 728 358 2.62 0.207091227605 0.271919820621 572 46 5.6 21.3 4 271 160 0.254915680932 106.806942693688
"45" "Toledo" 536131 30.9 -54 10.1 41.9 10.2 -0.1 14942 3324 5705 10.81 0.235064529655 0.335114338983 609 52.6 11.7 27.2 2 1255 397 0.790563818261 83.079608261418
"46" "Valencia" 2227170 77.2 -519 9.3 35.4 9.6 -0.2 56911 20374 23171 10.52 0.252407970997 0.351695994156 763 56.2 11.2 20.4 8 5383 2669 5.319811811631 101.425385435858
"47" "Valladolid" 497961 71.8 -538 7.5 28.2 8.6 -1.1 10223 1353 742 1.5 0.247545643995 0.334334793042 1069 55.9 13.8 17.3 9 1329 457 0.523207740088 103.665276835063
"48" "Vizcaya" 1132616 76.9 -1513 7.6 28.8 8.9 -1.3 24765 4550 576 0.51 0.248027634935 0.326109489025 1683 52 11.2 16.2 7 2183 807 0.761611497565 123.795209929216
"49" "Zamora" 202356 40.3 -1511 5.7 26.8 13.2 -7.4 3993 288 -307 -1.51 0.199347028982 0.258301334201 677 39.5 10.2 18.3 1 436 162 0.310197180658 92.582177833802
"50" "Zaragoza" 857565 77.7 -2091 8.3 33.6 10.8 -2.5 13050 2023 1758 2.07 0.240009050246 0.32031645599 1033 51.4 5.9 18.7 8 2889 1168 1.096240158937 110.753418016096
