estado	juridica	cnae1	bai.at	bai.fp	ac.at	t.at	v.fp	ac.pc	t.pc	fm.v	pe.pt	cf.pt	fm.at	v.at	v.ac	lnat
1	2	1	.6377622	.694387136	.01535949	.0060261	.1537152	.2381076	.09341849	-.3481154	17.4012679	-22.4683	-.04914701	.141180232	9.191728	8.773241
1	1	1	.4567464	.51592354	.08090553	.2247293	.3423137	1.34792	3.744085	.06890956	-.36506823	.9249177	.02088303	.303049822	3.745725	8.729917
1	1	5	.02660187	.589061609	.7108541	.001979436	30.91024	1.181392	.003289691	.07819005	.95484026	.01854856	.1091454	1.395898309	1.963692	8.078268
1	1	2	.7653125	.698919263	.1285046	.9548736	.09512933	2.131205	15.83625	.6547999	-.26862873	1.063013	.06820792	.104166054	.8106016	8.784679
1	1	0	.6047206	.178759133	.4730273	.589524	.1851306	3.085278	3.845117	.5104945	-4.89131116	4.986961	.3197097	.626274578	1.323971	5.87438
1	2	4	.1430147	.261790898	.1951233	.0129154	.04736164	22.13581	1.465191	7.200781	20.92450999	-7.678052	.1863085	.025873368	.1326001	6.33474
1	2	5	.09756901	.205370309	.02294496	.002927179	.0645283	.9651995	.1231343	-.02698553	-7.37138756	2.599681	-.0008272856	.030656633	1.336095	6.314289
1	1	4	.02753869	.034118987	.9330973	.7167584	.8927873	4.843227	3.720323	1.027526	.19286308	.04599766	.7404371	.720601576	.7722684	7.888931
1	2	1	.8933772	.281321922	1.364184	.007346743	.0465692	12.27168	.06608852	8.472809	-1.83583615	2.346703	1.253019	.14788704	.108407	6.042963
1	2	5	.4326797	.328349511	.2352418	.05167035	.03058772	-83.27872	-18.29199	5.906376	-3.47999754	1.561133	.2380666	.040306702	.1713416	6.65095
1	1	5	.5583	.600451169	.3651873	.2196469	-.2196696	6.611799	3.976757	-1.517533	-.23835172	1.53099	.3099546	-.204248991	-.5592992	5.652851
1	1	5	.08475847	.294165407	.03943646	.01102001	.01379866	5.028523	1.405156	7.946482	-12.94188939	6.263706	.03159391	.003975835	.1008162	8.707572
1	1	2	.1376068	.283727242	.01135243	.0179898	.03981534	.12759	.2021875	-4.01979	-2.77616998	1.482377	-.07762341	.019310316	1.700986	7.095355
1	2	4	.3732591	.774566474	.6128134	.2061281	5.66474	1.333333	.4484848	.05612245	.51810585	.2980501	.1532033	2.729805014	4.454545	5.883322
1	1	4	13.19472	2.166155857	3.923948	.8720281	.0175203	30.65676	6.812923	35.56877	5.75110457	-10.49131	3.795952	.106721479	.02719747	4.81684
1	2	2	.6985394	.718360903	.07687525	.3914047	.07007174	1.418349	7.221422	.3327755	-.60768639	1.31779	.02267475	.068138268	.8863486	7.358681
1	2	2	.06241088	1.09139216	.6205058	.1311056	21.84855	.6581423	.1390577	-.2579701	.94281535	.05244119	-.3223082	1.249401476	2.013521	6.633587
1	1	2	.1737349	.33121342	.01227025	.05761899	.1372939	.2122895	.9968755	-.6322095	-.90171686	.8389168	-.04552934	.072016213	5.869174	5.295032
1	2	2	.4253992	.477736538	.1609128	.1697496	.0761221	2.923444	3.083989	1.561912	-1.10327635	1.300447	.1058706	.067782708	.4212387	7.336252
1	1	1	.715989	.791394633	.331132	.02708708	.02216663	28.86759	2.361412	15.93959	-.27856168	1.060441	.3196613	.020054546	.06056361	5.824308
1	1	1	.4806131	.605983554	.1881645	.0001429235	.02980604	17.84534	.01355473	7.513694	-.81873035	1.339418	.1776203	.023639547	.1256323	7.243763
1	1	5	2.15926	.406912913	1.976342	.03363458	-.08180601	-3.282685	-.05586669	-5.939645	13.50508011	-9.058161	2.578393	-.434098886	-.2196476	4.281737
1	2	0	-.0969859	-20.62745098	.3153655	.08893639	116.114	.3168571	.08935705	-1.245417	.99529821	.01893968	-.6799269	.545943267	1.731144	5.156472
1	2	2	.3255757	1.176938916	.09071616	.01166176	-1.42332	9.172782	1.179181	-.2052829	1.51434825	-.6726654	.08082645	-.393732016	-4.340263	5.468119
1	1	2	.5208912	.73678374	.357017	.05882301	.04892391	15.88881	2.61788	9.672291	-1.37813903	1.989742	.3345473	.034588214	.09688114	10.027937
1	2	2	.03385102	.101085857	.6286952	.06752303	2.324253	1.456163	.1563946	.2530379	.66512608	.1414999	.1969474	.778331567	1.238011	8.151688
1	2	1	.8412594	.729268217	.3310888	.02865648	.0522785	5.202994	.4503309	4.434903	-.13728319	1.178275	.2674545	.06030673	.1821467	7.574239
1	2	5	.01622458	.146966401	1	.06607248	38.27556	1.124096	.07427183	.02612633	.88960346	.0113412	.1103965	4.225489673	4.22549	3.623647
1	2	2	.1790258	.481850334	.050972	.2431429	.1588335	.9773513	4.662088	-.02001608	-.79571483	1.199172	-.001181203	.059012723	1.157748	6.044066
1	1	2	.1802408	.337082986	.01578098	.05179918	.2733294	.09243831	.3034177	-1.060121	-.93455	1.131984	-.1549381	.146151319	9.261232	8.434947
1	1	1	.1283204	.324715615	.3420515	.0359624	3.39607	.6559561	.06896552	-.1336784	.60482223	.1258684	-.1794034	1.342051492	3.923536	7.802618
1	2	2	.04888726	.116736919	.400344	.049683	1.888237	1.271605	.1578072	.1081372	.58121848	.07584211	.08551041	.790758763	1.975198	7.344884
1	2	5	.1140999	.211337641	.8749253	.3098436	2.890736	2.962842	1.049253	.3713908	.46010625	.1255656	.5796259	1.560690045	1.783798	6.204639
1	2	7	.6853357	.749284779	.3855239	.005701805	.06134802	-15.31758	-.2265433	7.319138	-7.98113571	9.964502	.4106926	.056112157	.1455478	7.262779
1	2	5	.2079207	.345246698	.1417233	.08737527	.0557672	13.46189	8.299528	3.906359	-1.53026406	1.646132	.1311955	.033585126	.2369768	8.244694
1	2	5	.0916803	.321324987	.7576111	.1358901	16.15788	1.122303	.2013035	.01790839	.71468044	.1254188	.08256051	4.610157986	6.085124	7.168454
1	1	5	.7342061	.68904285	.4050052	.0169826	.07457341	3.443171	.1443784	3.616596	-.69854088	1.450491	.2873795	.079461322	.1961983	8.232259
1	2	5	-.01074716	-.067626784	.9427085	.03305741	3.752298	3.529539	.1237683	1.132996	.84108132	.007833609	.6756174	.596310244	.63255	7.718764
1	2	2	.5186107	.75673859	.1149807	.05192402	.02264121	3.165504	1.429508	5.069273	-3.00457604	4.12961	.07865764	.015516553	.1349493	7.172025
1	2	2	.2095885	.342740336	.3809457	.01096825	.02196529	14.11985	.4065409	26.35255	-.54408749	1.14699	.3539662	.013431951	.0352595	7.647027
1	1	2	.5724461	.720430625	.411108	.0005849813	.03584474	5.30153	.007543748	11.71143	-4.90727603	5.16992	.3335629	.02848183	.06928064	8.899051
1	1	2	.06249253	.33404926	.9440545	.005532935	10.29238	1.165764	.006832337	.06971785	.81292421	.03774348	.1342386	1.925455826	2.03956	8.857363
1	1	0	.8559933	.395774762	.7080726	.009122767	.1057206	5.028402	.06478565	2.480839	-1.09340567	2.196859	.567258	.228655684	.3229269	7.442328
1	2	5	.1009461	.284750579	.8819393	.04412259	5.77111	1.366306	.068355	.1155715	.64549303	.08844183	.2364475	2.045898761	2.319773	6.669768
1	1	5	.09655	.164589488	.9391659	.1500659	3.784567	2.371499	.3789332	.2446519	.41338902	.06502805	.5431439	2.220068293	2.363872	6.709304
1	2	3	.2961082	.421073489	.1464091	.008793761	.1439336	2.874392	.1726444	.9432526	-5.11003497	3.16438	.09547346	.10121727	.6913316	5.554373
1	2	5	-.009955594	-.096807893	.909194	.004297379	19.70714	1.013425	.004790037	.00594309	.89716134	-.01477821	.0120446	2.026655684	2.229068	4.428099
1	1	2	.2742495	.284007391	.02174486	.07651927	.07859036	.218702	.7696032	-1.023612	-3.68731716	2.387474	-.07768204	.075890161	3.490028	8.166466
1	1	2	.1419434	.294181937	.06684525	.02678572	.09561937	1.342636	.538011	.3697433	-3.06368086	1.816657	.01705868	.04613656	.6901995	8.125954
1	2	2	.1850745	.280894763	.1175713	.02379326	.04512584	2.275937	.4605882	2.216879	-1.19227561	.6198983	.06591286	.029732277	.2528872	7.142446
1	2	5	.2604019	.31471219	.1082657	.03372457	.03432481	1.322421	.4119319	.9294072	-6.7689514	2.660553	.0263964	.028401336	.26233	7.442078
1	1	2	.1841101	.256460017	.1070552	.002392707	.07881954	2.499815	.05587139	1.135131	-9.62310921	4.788302	.06422997	.056583752	.5285473	7.756667
1	1	2	.04133514	.177568208	.7413289	.1056068	7.577051	1.285406	.1831138	.09332099	.76721541	.00312438	.1646015	1.763820659	2.379269	6.864796
1	2	2	.05775267	.117197452	.5963591	.02762084	3.028025	1.175743	.05445545	.05973917	.50721908	.07784055	.08913999	1.49215317	2.502105	7.373374
1	1	4	.7303996	.709333507	.4388775	.1170671	.06571961	6.668149	1.778677	5.512825	-2.5376099	2.793669	.3730605	.067671383	.154192	7.40435
1	1	3	1.019355	1.081230628	.7045718	.08108806	-.01468008	-38.81933	-4.467656	-52.21985	-.77631067	2.011931	.7227218	-.013839983	-.01964311	7.496306
1	2	5	.05482546	.16447541	.04337484	.0589101	.03610349	-.8060705	-1.094775	8.075493	-3.65707955	1.34789	.09718507	.012034568	.2774551	6.514302
1	1	2	.3404944	.620776727	.1097447	.007538843	.0841121	3.900362	.267933	1.768877	-1.24182732	1.740227	.08160761	.046135258	.4203873	10.68337
1	1	5	.04089844	.155784558	.6216379	.1615138	7.373471	.8429355	.2190113	-.05983658	.73746791	.03484464	-.11583	1.93577275	3.113988	6.685841
1	2	5	.1687108	.283260199	.8092752	.1378997	4.691084	2.001194	.3410014	.1449088	.40439623	.1351411	.404879	2.794027105	3.452505	6.914414
1	1	1	.7365874	.646803576	.1116693	.3786669	.01240648	-2.312661	-7.842154	11.32136	-.89744702	1.510013	.1599554	.014128646	.1265222	9.114382
1	1	2	.3657533	.599764084	.1573091	.05495452	.1064166	5.806435	2.028426	2.00655	-1.02308615	1.671488	.1302169	.064895908	.4125376	7.270609
1	2	4	.04531522	-.521155494	.7707631	.04723277	-34.54604	.7324947	.04488766	-.09370737	1.08695143	-.002510022	-.2814808	3.003828006	3.897213	6.334593
1	1	7	3.417536	.621078299	.2188829	.01398036	.01960857	1.820491	.1162773	.9142906	310.05444864	-324.0337	.09864998	.107897839	.4929478	6.483091
1	2	5	.0781693	.677192982	.8837586	.06601863	14.40351	1.076468	.08041441	.03775883	.88456865	.03037667	.06277845	1.662616444	1.881302	7.811568
1	1	2	.727788	.681521195	.4045523	.02871969	.08494325	2.973516	.2110937	2.959992	-3.54714468	3.688646	.2685005	.090709844	.2242228	12.175229
1	2	3	.4310007	.664321032	.1406233	.3109118	.01861525	7.395029	16.35008	10.06911	-.84708981	1.301612	.1216074	.01207727	.08588387	4.599585
1	1	1	1.002989	.884553795	.2832254	.1441706	.04459384	-17.89877	-9.111034	5.914195	-.42430009	1.447308	.2990491	.050564631	.1785314	8.771707
1	1	4	.2896395	.663586175	.105879	.2164088	.09126451	1.218902	2.491346	.477341	-1.49258899	1.683718	.01901477	.039834774	.3762293	7.006204
1	2	5	.5611333	.646680742	.9554479	.09608843	.01946616	139.7234	14.05184	56.16053	-27.62260109	19.96064	.9486098	.016891042	.01767866	5.912273
1	2	5	.1126924	.587226039	.05488724	.009538231	.01087399	5.549865	.964448	21.56301	-20.14748776	13.38421	.04499741	.002086787	.03801953	8.312078
1	2	3	.6487975	.477541174	.7943277	.05565921	.07088998	12.36084	.8661345	7.58017	-1.12510939	2.625481	.7300661	.096312629	.1212505	7.437213
1	1	8	.510774	.679113665	.003842482	.8386013	.1065258	.04702659	10.26331	-.9718695	-.33327834	.9808469	-.07786622	.080120032	20.85112	7.127959
1	1	4	.2399014	.165723372	.0144103	.3137042	.0953164	.07433657	1.618266	-1.300489	-1.01721959	1.482806	-.1794417	.137980167	9.57511	8.159129
1	1	5	.9912878	3.206174502	.01745371	.0388407	-.2890892	-.2255702	-.5019739	-1.060962	10.46724885	-36.79915	.09482965	-.089380843	-5.121023	7.659824
1	2	2	.9389436	.84455545	.121573	.005118506	.09087352	3.261666	.1373237	.8344059	-4.5553451	5.808374	.0842997	.101029612	.8310202	7.145925
1	1	2	.4112653	.520737493	.2042431	.05245353	.1063008	6.265769	1.609169	2.044536	-1.49583089	1.858633	.1716464	.083953725	.4110481	10.268926
1	1	5	.07138439	.034955177	.0252956	.2361002	.1071372	.2111928	1.971199	-.4318219	-.98348988	2.147984	-.09447934	.218792377	8.649424	7.427334
1	2	4	.1071433	.113296201	.04993855	.110714	.10999	.637445	1.413219	-.2730637	-1.248221	1.757711	-.02840318	.104016693	2.082894	6.384061
1	2	2	.07406712	.782243222	.6226611	.003728446	14.24875	.989063	.005922433	-.005103493	.90531446	.05104042	-.006885379	1.349150464	2.166749	7.647041
1	1	5	.6132033	2.410443994	.0777297	.0004059803	.02369379	87.72998	.4582116	12.74871	-3.56683369	11.19708	.07684369	.006027565	.0775452	7.56586
1	1	2	.3477127	.504769372	0	.168301	.2201764	0	1.847075	-.6007638	-.45498063	.9954601	-.09111755	.1516695	2.384571	9.292744
1	1	5	.3635969	.535022146	.02192773	.08491106	.1441758	.9800071	3.794895	-.004565619	-4.1099137	3.691425	-.0004473428	.097980771	4.46835	14.04724
1	2	9	.510532	.323614546	.0964084	.06640493	.1210328	.428989	.2954824	-.6720707	-.82073049	.8346204	-.1283255	.19094054	1.980538	6.869037
1	2	5	.2624093	.350887246	.0149054	.2948909	.1050003	.1639597	3.243806	-.9679021	-1.56126708	1.558958	-.07600351	.078523962	5.268156	6.199235
1	3	5	1.195198	.581027095	.01661136	1.852507	.02716007	.553337	61.7084	-.2400055	-6.26564461	4.887028	-.01340897	.055869446	3.363327	8.403138
1	2	4	.08928571	.174418605	.4702381	.3333333	2.360465	1.025974	.7272727	.009852217	.48809524	.1071429	.01190476	1.208333333	2.56962	5.123964
1	1	3	.511317	.596476429	.2155161	.1552496	.08031088	2.26316	1.630294	1.747236	-.62550157	1.177121	.1202881	.068844822	.3194417	9.74553
1	1	2	.2326104	.487410228	.08701218	.007934525	.08143565	1.662868	.1516347	.8924836	-2.46808337	2.063058	.0346856	.038864134	.4466516	8.565377
1	1	5	.5028037	.903560787	.2098421	.1820203	.02929404	12.85602	11.15151	11.87148	-1.82678313	2.989093	.1935197	.016301228	.07768329	6.741401
1	2	5	.2174295	.612224753	.03944374	.06394381	.05842626	1.566525	2.539556	.6874546	-.48956286	1.233357	.0142646	.020749887	.5260629	7.526704
1	2	6	.03143382	.055795259	.0500783	.0005934585	.04152391	4.506541	.05340526	1.665663	-2.03640343	1.97841	.03896594	.023393653	.4671415	6.503202
1	2	5	.08952964	.249503338	.7477775	.0005077092	3.450758	1.25073	.0008491927	.1210627	.64116855	.1119339	.1499047	1.238240316	1.655894	7.862476
1	1	1	.3326678	.530962195	.1878221	.008859374	.05167977	10.02081	.4726709	5.221818	-1.84787379	1.960548	.1690789	.03237932	.1723935	9.952563
1	1	5	.169223	.114568721	.1958891	.3854033	.1631339	2.503067	4.924675	.4881783	-2.67623206	2.539739	.1176295	.240955946	1.230063	7.340518
1	1	5	.3042743	.689493143	.1117305	.08202777	.03905394	5.238053	3.845555	5.245274	-1.82808897	2.34	.09039999	.017234561	.1542511	10.373861
1	2	3	.2300933	.26367589	.194602	.007589317	.06249551	4.865002	.189731	2.83486	-9.91751221	7.81778	.1546016	.054535894	.2802432	6.896583
1	2	5	.09423595	.346336092	.2439611	.02177686	.07619954	5.212143	.4652551	9.509028	-1.89091316	1.530294	.1971548	.020733431	.08498664	7.711107
1	2	5	.2941604	.549721184	.1195617	.1483903	.06861272	2.485846	3.085233	1.946459	-1.2725642	1.731473785	.07146471	.036715233	.307081965	6.840554
1	1	5	1.02231	.792376171	.006179548	.6199152	.03572431	.1679213	16.8454	-.6643551	-2.0786088	2.729394417	-.03062072	.046090903	7.45862069	3.848636
1	2	5	.2883646	.394513401	.2550723	.02397394	.00914873	11.94317	1.122524	34.94989	-27.9489689	13.684027115	.2337151	.006687149	.02621668	6.721005
1	2	5	.1672516	.441513867	.008519626	.1603643	.1245874	.2144926	4.037379	-.6610863	-2.3468214	2.462633042	-.03120028	.04719547	5.539617834	6.132749
1	2	2	.3995731	.591814469	.3320049	.03106427	-.2501772	-2.995853	-.2803091	-2.621652	9.7008519	-5.541217039	.4428264	-.168911177	-.508761117	5.760994
1	2	4	-.2332268	1.449131514	.7444089	.01557508	-2.136476	.8593822	.01798064	-.3542393	1.1609425	-.206269968	-.1218051	.34384984	.461909871	8.518792
1	2	1	.8001012	1.087929302	.2942261	.05508977	.02267795	8.304294	1.554864	15.51704	-4.7937766	6.379641861	.2587955	.016678156	.056684819	5.77467
1	1	4	.08866532	.296170195	.01091314	.02403022	.0173152	1.780013	3.919504	.9225468	-7.7412697	3.399581602	.004782206	.0051837	.474996266	9.597302
1	2	5	.1109834	.25005337	.1218284	.004909338	.03717803	32.33765	1.303116	7.154758	-42.5597502	16.232512144	.118061	.016501048	.135445022	7.947497
1	2	1	.1846487	.522320393	.1546277	.09394334	.09838393	2.091597	1.27074	2.320269	-1.9888108	1.669398381	.08069966	.034780305	.224929271	7.33702
1	2	2	.2330482	.487125118	.06543933	.01048928	.1832194	.8150515	.1306448	-.1694057	-1.9073762	1.983754771	-.01484925	.087654965	1.339484476	6.519466
1	2	5	.1338583	.507462687	.8582677	.1771654	19.47761	1.159574	.2393617	.02298851	.7362205	.161417323	.1181102	5.137795276	5.986238532	5.537334
1	1	7	9.794305	.994831182	10.33971	.514899	.08313305	18.22047	.9073465	11.93977	-6.4638398	8.606627558	9.772236	.818460973	.079157027	5.358137
1	1	1	21.81885	1.986182755	5.539923	.0124016	.2168332	4.692758	.01050515	1.830155	-.4151901	2.831543195	4.359396	2.381981757	.429966619	3.466111
1	2	5	.04694218	.275696053	.7856822	.2802224	6.395422	.9469107	.3377264	-.04045225	.8297321	.049014755	-.04404987	1.088934946	1.385973719	5.555344
1	2	5	.3232017	.694718944	.160257	.0556422	.03451256	4.919998	1.708253	7.952365	-2.5336553	2.797144325	.1276844	.016056158	.10019005	7.55361
1	1	5	.2536624	.65977577	.1048149	.1217798	.06212382	5.829769	6.773354	3.635633	-6.0409444	6.152949521	.08683561	.02388459	.22787409	8.649336
1	2	5	.7050883	.587984775	.7544787	.04130515	.008932492	12.05569	.6600083	64.59379	-11.130081	9.810809045	.691896	.010711494	.014197211	5.735197
1	2	2	.460676	.721961914	.1143507	.03674524	.1259945	1.417306	.4554342	.4187905	-1.0221482	2.663253382	.03366896	.080395725	.703062539	6.958681
1	1	7	.01747914	.112188582	.800213	.04631599	3.015642	1.464094	.08474113	.5398727	.8441986	.004836952	.2536544	.469841254	.587145214	8.996032
1	1	1	.1697047	.255205872	.1426505	.008879409	.1181493	2.616329	.1628557	1.1217	-1.9175774	1.770884237	.08812737	.078565914	.550757944	9.964624
1	1	5	.4482751	.216789525	.3926748	.2076232	.04516944	28.79704	15.22617	4.058193	-2.4050386	3.738914011	.3790388	.093400885	.23785812	7.503023
1	1	2	.005207165	.007448149	.3110264	.09817846	.9239849	1.577463	.4979414	.1762563	.300878	.073731646	.1138577	.645978193	2.076923984	15.000862
1	1	5	.1773888	.282341522	.1701995	.0642529	.07366209	4.855106	1.832876	2.920117	-.7682731	1.519970483	.1351437	.046280236	.271917584	9.524584
1	1	3	.2022251	.292693064	.1377481	.01984398	.02773117	1.038549	.1496132	.2668557	-2.6556178	1.592772601	.005112901	.019159796	.139093003	10.135103
1	1	6	1.783314	1.221998333	.5279767	.02635176	.02370053	40.95984	2.04434	14.89241	-.1895499	1.610681818	.5150866	.034587179	.065508914	7.546902
1	2	5	.3569179	1.101841597	.2248592	.07238294	.04738411	15.90346	5.119377	13.72854	-1.7502977	3.132411177	.2107202	.015349064	.068260772	6.418686
1	1	5	.465757	.252078885	0	.1181229	.03300154	0	.5361557	-3.613149	-2.7422251	2.135375879	-.2203145	.060975754	2.384570878	6.043964
1	2	4	.1847516	.519191355	.1837902	0	.0268151	9.18895	0	17.16503	-1.7990786	1.641922726	.163789	.009542016	.051917989	5.198436
0	1	4	-.2020906	-.52887538	.981417	.2078978	3.966565	1.809422	.3832976	.2896552	.61788618	-.1416957	.4390244	1.515679443	1.544379	6.758095
0	1	5	.05167868	.270469181	.884514	.0824398	10.58234	1.154658	.1076182	.05859341	.80892951	.008613113	.1184742	2.021972227	2.28597	8.64629
0	1	1	.06853147	.145833333	.8811189	.1734266	1.827381	3.165829	.6231156	.7019544	.53006993	.01538462	.6027972	.858741259	.9746032	6.572283
0	2	1	-.3100137	.530516432	.5240055	0	-1.950704	.3530499	0	-.8423586	1.58436214	-.3415638	-.9602195	1.139917695	2.175393	6.591674
0	1	5	.1064257	.197026022	.7911647	.1325301	5.334572	2.277457	.3815029	.154007	.45983936	.0502008	.4437751	2.881526104	3.642132	6.2106
0	3	5	-.1235704	-1.139908257	.4950273	0	3.573394	1.083832	0	.09884467	.89159622	-.1767777	.03828941	.387369468	.7825213	8.299535
0	1	1	.1194434	.258577406	.6072671	.02783147	5.40251	1.300497	.05960265	.05622677	.53807499	.1090066	.140317	2.495554697	4.109484	7.858254
0	1	3	.1156004	.755963303	.4938272	.05022447	15.58349	.5831677	.0593108	-.148122	.84708193	.130752	-.3529742	2.382996633	4.825568	8.178639
0	1	1	.06529625	.219512195	.7539299	.02055623	3.713415	1.190453	.03245823	.1091954	.7025393	.1378476	.1206167	1.104594921	1.465116	8.104099
0	2	0	-.05219207	.892857143	.776618	.01461378	-14.85714	.9185185	.01728395	-.07932692	1.05845511	-.04175365	-.06889353	.868475992	1.11828	6.171701
0	1	5	-.2535023	-2.620689655	.6344229	.01267512	17.27586	1.710432	.03417266	.1576846	.90326885	-.2595063	.263509	1.671114076	2.634069	7.312553
0	1	4	.140038	5.507462687	.8808349	.02732448	93.1791	.9116261	.02827965	-.03604037	.97457306	.05464896	-.08538899	2.369259962	2.689789	7.876638
0	1	5	-.004115226	-.024096386	.81893	.002057613	18.22892	1.023136	.002570694	.005948447	.82921811	.02537723	.01851852	3.113168724	3.801508	7.284821
0	1	5	.03441258	.492063492	.893987	.005920444	22.38624	1.147198	.007597341	.07326873	.93006475	.01258094	.1147086	1.565587419	1.751242	8.59508
0	1	5	-.5768194	2.161616162	.6954178	.04851752	-10.66667	1.277228	.08910891	.0530303	1.26684636	-.6469003	.1509434	2.846361186	4.093023	5.916202
0	2	5	.07282913	.203125	.6442577	.03361345	2.664063	2.169811	.1132075	.3636364	.64145658	.06162465	.3473389	.955182073	1.482609	5.877736
0	1	7	.07240506	.5	.6073418	.006835443	6.241259	1.026969	.01155822	.01764706	.85518987	.03265823	.01594937	.903797468	1.48812	8.281471
0	1	1	.07646751	.272276204	.7053359	.01352842	3.156915	1.039534	.01993839	.0302554	.71915462	.04453347	.0268246	.886605121	1.256997	9.754001
0	1	3	-.1103377	-.24513173	.8321732	.00154679	2.436999	1.513361	.00281294	.2573443	.54988399	-.08172209	.2822892	1.096932199	1.318154	8.263333
0	1	2	-.259867	-10.280701754	.7649667	.04079823	47.52632	.8210376	.04378867	-.1387966	.97472284	-.1858093	-.1667406	1.201330377	1.570435	7.720905
0	1	5	-.1238245	-.225714286	.3740857	.000522466	1.854286	.9986053	.0013947	-.0005136107	.45141066	-.131139	-.000522466	1.017241379	2.719274	7.556951
0	1	1	-.1105853	-.419827013	.9374343	.05415352	3.73187	1.566784	.09050967	.3449813	.73659306	-.1559762	.3391167	.983000351	1.048607	8.649274
0	1	2	-.1296764	-.157557167	.5090659	.1696121	1.460959	3.00542	1.001355	.2824967	.17695662	-.05416571	.3396833	1.202432867	2.362038	8.379539
0	1	2	.06388889	.201754386	.8388889	.06388889	8.280702	2.172662	.1654676	.1726695	.68333333	.08611111	.4527778	2.622222222	3.125828	5.886104
0	1	5	.06853751	.300236407	.9913654	.03669725	9.36643	1.284615	.04755245	.1027259	.77172153	.02590394	.2196438	2.138154344	2.156777	7.524561
0	1	4	.04155313	2.731343284	.9797911	.01180745	52.95522	.9969963	.01201479	-.003664036	.98478656	.005222525	-.002951862	.805631244	.822248	8.390268
0	2	2	.006065858	2.153846154	.7528163	.05155979	195.1538	1.007246	.06898551	.009854158	.99718371	-.005199307	.005415945	.549610052	.7300719	8.437284
0	2	4	.03691496	.430769231	.9472643	.007251154	20.06923	1.047376	.008017493	.02491376	.91430455	.02702703	.04284773	1.719841793	1.815588	7.32449
0	1	1	.07593857	.575679172	.8868601	.09300341	11.4903	1.123676	.1178378	.06439991	.86808874	.03276451	.09761092	1.515699659	1.709063	8.675905
0	2	4	-.04530201	-.658536585	.9278523	.04530201	40.12195	.9963964	.04864865	-.001215805	.93120805	-.04530201	-.003355705	2.760067114	2.974684	6.390241
0	2	1	.06649616	.288888889	.7851662	.04859335	4.316667	1.314775	.08137045	.1891892	.76982097	.01790281	.1879795	.993606138	1.265472	6.661855
0	2	5	.1188119	-18	.1320132	.00990099	-285.5	.5263158	.03947368	-.06304729	1.00660066	.1221122	-.1188119	1.884488449	14.275	5.713733
0	2	1	.1642512	1.03030303	.7487923	0	18.9697	.9064327	0	-.02555911	.84057971	.04830918	-.07729469	3.024154589	4.03871	5.332719
0	2	1	.07047279	1.533980583	.8786798	.05263158	31.96117	1.062567	.06364617	.03523694	.95405888	.03166815	.05173952	1.468331847	1.671066	7.715124
0	1	4	.07467532	1.769230769	.7857143	0	52.30769	.820339	0	-.07794118	.95779221	0	-.1720779	2.207792208	2.809917	5.7301
0	2	1	.1116173	.49	.9476082	.06833713	7.85	1.256798	.09063444	.1082803	.77220957	.02277904	.1936219	1.788154897	1.887019	6.084499
0	1	5	-.2347203	1.62173315	.6458292	.1407525	-14.63549	.5818834	.1268161	-.2190789	1.14473422	-.2371093	-.4640653	2.118256022	3.279901	8.521783
0	2	5	.05555556	1.714285714	.1574074	.00462963	53.92857	.4722222	.01388889	-.1006623	.96759259	.09722222	-.1759259	1.747685185	11.10294	6.068426
0	1	1	-.5205562	1.665377176	.8107618	.04232164	-3.84913	.6538274	.03412969	-.3567839	1.31257557	-.5247884	-.4292624	1.203143894	1.483967	7.410952
0	1	5	.06389776	.158730159	.8210863	.009584665	4.444444	1.367021	.01595745	.1232143	.59744409	.03833866	.2204473	1.78913738	2.178988	5.746203
0	2	2	.1001821	2	.704918	.06466302	46	.8835616	.08105023	-.04031621	.94990893	.05009107	-.09289617	2.304189435	3.268734	7.001246
0	1	2	-.1766963	-1.158569667	.484918	.01139612	5.780025	.6420817	.01508964	-.3066388	.84748759	-.2079886	-.2703099	.8815255	1.817886	10.188215
0	1	3	-.03858162	.171456888	.2279215	.04884032	-3.61447	.4836725	.1036441	-.29915	1.2250223	-.03635147	-.2433095	.813336307	3.568493	8.408271
0	1	4	-.0001742616	-.052631579	.9363945	.002439662	66.18421	.9681982	.002522523	-.1403579	.99668903	-.00775464	-.03075717	.21913392	.2340188	9.3481
0	1	5	.02871266	.224322104	.8321414	.04122844	17.44371	1.081022	.05355923	.02793349	.87200252	.01914178	.06236853	2.232751367	2.68314	9.159889
0	2	5	-.05100464	-.244444444	.8763524	.1468315	20.56296	1.106341	.1853659	.01963256	.79134467	-.01159196	.08423493	4.29057187	4.895944	7.165493
0	2	3	.01520756	.044258373	.5425401	.01150843	.8050239	10.15385	.2153846	1.768202	.65639129	.0004110152	.4891081	.276613235	.5098485	7.79688
0	2	2	-1.523579	1.238938053	.9830713	.00241838	-.8072763	.4408894	.001084599	-1.255786	2.22974607	-1.586457	-1.246675	.992744861	1.00984	6.717805
0	2	4	.04599659	1.928571429	.9829642	.00681431	90.92857	1.008741	.006993007	.00392773	.97614991	.01192504	.008517888	2.168654174	2.206239	6.375025
0	1	2	-.1673729	.22005571	.9427966	.02330508	-1.292479	.5354994	.01323706	-.8318966	1.76059322	-.1800847	-.8177966	.983050847	1.042697	6.156979
0	1	5	.03409403	1	.9873522	.07891119	62.76613	1.035467	.08275663	.01580367	.96590597	.00577399	.03381908	2.139950509	2.167363	8.198914
0	1	2	-.2916282	.78208832	.5367805	.02570022	-3.140735	.3909876	.01871987	-.713929	1.37288396	-.2894737	-.8361034	1.171129578	2.181766	8.77925
0	1	2	.09408852	1.948717949	1	.0006190034	8.807692	1.050732	.0006504065	.1135371	.95171773	.003095017	.04828227	.425255339	.4252553	8.080547
0	2	2	.1027837	.653061224	.7665953	.0117773	10.19728	1.039187	.01596517	.01801201	.84261242	.03104925	.02890792	1.604925054	2.093575	6.839476
0	2	9	-.1960784	.563380282	.4607843	.01470588	-2.943662	.3405797	.01086957	-.8708134	1.34803922	-.3431373	-.8921569	1.024509804	2.223404	5.31812
0	1	7	.02051506	.049266247	.4596246	.009166303	3.054507	1.612557	.03215926	.1372684	.58358795	.1322567	.1745962	1.271933653	2.767331	7.736744
0	2	2	.04435276	.095982143	.801444	.006188757	2.216518	1.5	.01158301	.2608258	.53790614	.08251676	.267148	1.024239299	1.277992	7.569928
0	1	1	.09456067	.350931677	.9368201	.01715481	4.762422	1.608477	.02945402	.2761656	.73054393	.05690377	.3543933	1.283263598	1.369808	7.779049
0	2	5	.05005382	.301948052	.8266954	.04790097	12.43182	1.015202	.05882353	.00600679	.83423036	.01560818	.0123789	2.060818084	2.492839	7.527256
0	1	5	.07362587	.272898605	.7213607	.0224742	6.271014	1.132152	.03527252	.04976859	.73020796	.02369451	.08420196	1.691869629	2.345387	9.886697
0	2	1	.0879065	.394077449	.879065	.01626016	5.234624	1.554358	.02875112	.2684943	.77693089	.08841463	.3135163	1.167682927	1.328324	7.584773
0	1	4	-.2320051	1.124610592	.9473008	.03084833	-7.666667	.7852957	.02557272	-.1637546	1.2062982	-.2757069	-.2589974	1.581619537	1.669607	7.349874
0	2	1	.07024266	1.392405063	.9106003	.07279693	66.72152	.9834483	.07862069	-.004553216	.949553	.07535121	-.01532567	3.365900383	3.696353	7.35628
0	1	2	.03431373	.139442231	.7637255	.009803922	5.657371	1.073003	.0137741	.03732394	.75392157	.03921569	.05196078	1.392156863	1.82285	6.927558
0	1	4	.02515464	.225092251	.9682474	.09484536	16.05535	1.090065	.1067781	.04458745	.88824742	.01484536	.08	1.794226804	1.853066	7.793587
0	1	4	-.004587156	-.115384615	.8119266	.01070336	35.61538	.9170984	.01208981	-.05183585	.96024465	-.02140673	-.0733945	1.415902141	1.743879	6.483107
0	1	2	.05372061	.254507042	.748194	.4036329	3.217606	1.051209	.5671025	.05366601	.78892291	.03692363	.03644796	.679162827	.9077363	10.423382
0	2	5	.05854801	.187969925	.8618267	.004683841	6.052632	1.268966	.006896552	.09689441	.68852459	.009367681	.1826698	1.885245902	2.1875	6.056784
0	2	5	.06298871	.917721519	.8870547	.06168549	25.72785	1.001471	.06964198	.0007380074	.93136403	.03127715	.001303215	1.765855778	1.990695	7.741534
0	2	4	.1419976	1.216494845	.8724428	.01684717	14.15464	1.01683	.01963534	.008739985	.88327316	.04452467	.01444043	1.652226233	1.893793	6.72263
0	2	5	.04288298	.152713891	.4461379	.009299923	2.321987	.8824732	.0183955	-.0911252	.71919401	.05037458	-.05941617	.6520279	1.461494	8.261268
0	1	9	-.1893204	2.294117647	.1699029	.03074434	-31.52941	.1569507	.0284006	-.3507463	1.08252427	-.1731392	-.9126214	2.601941748	15.31429	6.426488
0	1	5	.03772727	.325490196	.8312121	.06106061	11.30196	1.086767	.0798336	.05065926	.88409091	.01863636	.06636364	1.31	1.576012	8.794825
0	1	2	.00401556	.019937695	.6473836	.0264776	7.143302	.8399544	.03435363	-.08573921	.79859455	.008407579	-.123353	1.438699962	2.22233	8.983314
0	1	4	.02534227	.307420495	.8869793	.02184678	17.92933	1.008946	.02485089	.005321246	.91756481	.01106904	.007864841	1.478007574	1.666338	8.14119
0	1	4	.04937647	.318132465	.8350185	.005898214	7.059718	1.063077	.007509118	.04521686	.84479272	.01027974	.04954499	1.095719582	1.31221	8.688454
0	1	4	-.138689	1.470103093	.5458082	.01497763	-15.70103	.7282637	.01998443	-.1374918	1.09433962	-.1873176	-.2036569	1.481229333	2.713828	8.545003
0	2	5	.1548387	1.043478261	.8516129	.006451613	20.5	1.007634	.007633588	.002120891	.8516129	.08064516	.006451613	3.041935484	3.57197	5.736572
0	1	3	.05890805	.183856502	.6867816	.09051724	6.520179	1.064588	.1403118	.01994498	.6795977	.04166667	.04166667	2.08908046	3.041841	6.54535
0	1	5	.05713094	.358638743	.9933278	.1259383	9.602094	1.320399	.1674058	.1575791	.84070058	.01376147	.2410342	1.529608007	1.539882	7.78239
0	1	1	.08535462	1.053030303	.8237642	.05526558	7.496212	.9565062	.06417112	-.0616473	.91894381	.01811483	-.03745778	.607614369	.7376072	8.088562
0	2	1	.07358637	.429864253	.6065066	.00929512	5.39819	.9445115	.01447527	-.03855826	.82881487	.02711077	-.03563129	.924089853	1.523627	7.163172
0	2	5	.03849658	.441253264	.8387244	.01799544	29.62924	1.348718	.02893773	.08389143	.91275626	.01890661	.2168565	2.584965831	3.082021	8.387085
0	1	4	.2773179	-1.094771242	.9768212	.0455298	-4.424837	.8980213	.04185693	-.09896603	1.25331126	.2491722	-.1109272	1.120860927	1.147458	7.096721
0	2	5	.09455782	.609267376	.8744412	.05782313	10.55354	1.176517	.07779812	.08009968	.84480078	.0563654	.1311953	1.637900875	1.873083	9.238928
0	1	5	-.8047032	-3.408918406	.9608063	.06427772	4.968691	1.258065	.08416422	.1680351	.76394177	.1397536	.1970885	1.172900336	1.220746	8.404024
0	1	4	.06766614	.262270737	.9147394	.0767072	4.180826	1.348659	.1130943	.2192361	.74199889	.04330952	.2364807	1.078657723	1.179197	12.210921
0	2	5	.1576087	2.697674419	.6616848	.06657609	47.30233	.8454861	.08506944	-.04375615	.94157609	.03804348	-.1209239	2.763586957	4.176591	6.60123
0	2	5	-.140325	.931372549	.6395864	0	-7.441176	.8473581	0	-.1027668	1.1506647	-.1211226	-.1152142	1.1211226	1.752887	6.517671
0	2	2	.1120401	.368131868	.7826087	.2424749	12.64835	1.303621	.4038997	.04735013	.69565217	.04682274	.1822742	3.849498328	4.918803	6.393591
0	2	1	.02013423	.081818182	.9597315	.2192394	6.022727	1.274889	.2912333	.1396226	.75391499	.02013423	.2069351	1.482102908	1.544289	6.795706
0	1	5	-.07983193	-.513513514	.6428571	.01680672	6.657658	1.108696	.02898551	.0608931	.84453782	-.1239496	.06302521	1.035014006	1.610022	7.26403
0	2	1	-.206869	-2.815217391	.5370075	.3202875	4.648551	.6279577	.374533	-.9314108	.92651757	-.0700213	-.3181576	.341586794	.6360932	8.23111
0	1	1	-.004459385	-.025948104	.7505488	.05159166	4.072655	2.772428	.1905727	.6855519	.82814215	.6299396	.4798299	.699917673	.9325411	9.587132
0	1	5	.06218145	.782051282	.9510703	.003058104	22.96154	1.063854	.003420753	.03126745	.9204893	.02752294	.05708461	1.825688073	1.919614	6.888572
0	1	3	.02733435	.167112299	.9637	.002186748	7.463904	1.159737	.002631579	.1087229	.83643123	.01924339	.1327356	1.220861579	1.266848	8.427925
0	2	2	.1337386	1.517241379	.7507599	.1519757	23.75862	1.078603	.2183406	.02612482	.9118541	.06079027	.05471125	2.094224924	2.789474	5.796058
0	2	1	.08018154	1.081632653	.7881997	.2261725	42.04082	.9221239	.2646018	-.02135922	.92586989	.05824508	-.06656581	3.116490166	3.953935	7.186901
0	2	1	.1004538	.442325159	.4183168	.07920792	6.59673	.7897196	.1495327	-.07434944	.77289604	.1056106	-.1113861	1.498143564	3.581361	8.486322
0	1	1	-.003373423	-.044573643	.539161	.03828102	57.16085	.7639235	.0542394	-.038515	.92431798	-.02214726	-.1666178	4.326048695	8.023667	8.827321
0	2	5	-.3653603	.485714286	.8230088	.001264223	-.9831933	.481153	.0007390983	-1.2	1.75221239	-.2756005	-.8874842	.739570164	.8986175	6.673298
0	1	2	-.02325581	-.284090909	.3809302	.0009302326	7.903409	1.314607	.003210273	.1409058	.91813953	.0227907	.09116279	.646976744	1.698413	7.673223
0	2	2	-.1005128	.337931034	.4615385	.1097436	-3.755172	.4416094	.1050049	-.5224977	1.2974359	-.0625641	-.5835897	1.116923077	2.42	6.882437
0	2	4	.03440367	1.607142857	.9342508	.0206422	59.60714	.998366	.02205882	-.001198322	.97859327	.01376147	-.001529052	1.275993884	1.365794	7.176255
0	1	2	.05318818	.112131148	.5751166	.003421462	1.780984	1.210079	.007198953	.1181885	.52566096	.03545879	.09984448	.844790047	1.468902	8.075583
0	1	1	.0349345	-1.333333333	.7627365	.04366812	-56	.7432624	.04255319	-.1795635	1.02620087	.0363901	-.2634643	1.467248908	1.923664	6.532334
0	2	6	.08603239	1.25	.5293522	.008097166	26.5	.7829341	.01197605	-.08046615	.93117409	.08906883	-.1467611	1.82388664	3.445507	6.895683
0	1	5	-.06267409	.75	.8690808	.1072423	-26.5	.8642659	.1066482	-.06163522	1.08356546	-.1504178	-.1364903	2.21448468	2.548077	6.57647
0	2	3	-.06204584	-.792857143	.882616	.02459475	12.57857	.966932	.02694427	-.0306644	.92174399	-.07713807	-.03018446	.984348798	1.115263	7.489412
0	1	2	.0972389	.284543326	.4761905	.06522609	2.971897	1.06345	.1456658	.02797478	.65826331	.1860744	.02841136	1.015606242	2.132773	7.823646
0	1	7	.04330357	.216517857	.7372768	.2544643	6.006696	.9285915	.3204948	-.04719435	.8	.01763393	-.05669643	1.201339286	1.629428	8.407378
0	2	5	.05731991	.493333333	.9527498	.03330751	9.86	1.094306	.03825623	.07167005	.883811	.0116189	.08210689	1.145623548	1.202439	7.163172
0	2	2	.09319681	.206936416	.4946199	.04460257	2.906744	1.14642	.1033789	.04825666	.54963554	.11437	.06317251	1.309094065	2.646667	8.65904
0	2	1	-.05134474	.552631579	.7726161	.03178484	-24.21053	.7939698	.03266332	-.08913043	1.09290954	-.1418093	-.200489	2.249388753	2.911392	6.013715
0	1	5	-1.079395	2.42291372	.331758	.06994329	-7.15488	.2371622	.05	-.334783	1.44549464	-1.123503	-1.067108	3.187460618	9.607787	8.062748
0	1	1	.1106443	.327721866	.9324767	.1336875	5.240073	1.496381	.2145336	.1748437	.66238339	.03756101	.3093223	1.769135726	1.897244	9.691964
0	1	2	-.03091045	-.234375	.5001873	.006369427	4.90625	1.214188	.01546157	.1363636	.8681154	-.06968902	.08823529	.647058824	1.293633	8.582606
0	1	2	.2167266	.521645022	.9244604	.4397482	7.831169	1.581538	.7523077	.1044776	.58453237	.03597122	.3399281	3.253597122	3.519455	7.013915
0	1	2	-.03283582	-.085603113	.6164179	.1537313	4.132296	1.354098	.3377049	.1016949	.61641791	.03432836	.161194	1.585074627	2.571429	6.507278
0	2	1	.01456554	.094155844	.6579608	.03465595	2.461039	.7802263	.04109589	-.4868074	.84530387	.03817177	-.185334	.380713209	.578626	7.596392
0	1	3	-.1221374	1.142857143	.6901661	.01504266	-14.23529	3.776413	.08230958	.3335301	1.10687023	-.162775	.5074091	1.521329142	2.204294	8.401558
0	2	1	-.2222222	-1.833333333	.9267677	.007575758	11.375	1.054598	.00862069	.03479853	.87878788	-.2954545	.0479798	1.378787879	1.487738	5.981414
0	2	5	.01026694	-.112359551	.9671458	.04209446	-17.65169	1.397626	.06083086	.170592	1.09137577	-.07392197	.275154	1.612936345	1.667728	6.881411
0	2	4	.04028777	.307692308	.8892086	.008633094	13.46154	1.284823	.01247401	.1118367	.86906475	.05611511	.1971223	1.762589928	1.982201	6.543912
0	2	4	.07748538	.535353535	.9210526	.1008772	20.69697	1.301653	.142562	.07125427	.85526316	.04239766	.2134503	2.995614035	3.252381	6.527958
0	2	6	.06018519	.278287462	.744709	.0003306878	8.66208	1.067299	.0004739336	.0250662	.78373016	.03108466	.04695767	1.873346561	2.515542	8.014336
0	2	4	-.008474576	-.039473684	.8983051	0	6.684211	1.143885	0	.07874016	.78531073	0	.1129944	1.435028249	1.597484	5.869297
0	1	2	.214791	1.124579125	.65209	.07845659	7.878788	.9584121	.1153119	-.01880342	.80900322	.1125402	-.02829582	1.504823151	2.307692	7.349231
0	1	1	-.2041467	-12.387096774	.6002127	.05050505	71.83871	.638936	.05376344	-.2864841	.9835194	-.0744285	-.3391813	1.18394471	1.972542	7.539559
0	1	1	.05022397	.418552036	.8324963	.03271345	11.46267	1.096745	.04309728	.05338991	.88000543	.02633365	.07343559	1.375458124	1.652209	8.904766
0	1	1	-.1520607	-.573194377	.2764097	.001735999	1.359913	.4115845	.002584969	-1.095348	.73471356	.1214557	-.3951649	.360766412	1.305187	9.652009
0	2	2	.02109705	-.091911765	.8312236	.04135021	-6.165441	.6902593	.03433777	-.2635659	1.22953586	.01940928	-.3729958	1.415189873	1.702538	7.077498
0	1	6	.05802496	.437293729	.8721261	.04576308	8.481848	1.029465	.05401913	.02217899	.86730896	.02123933	.02496168	1.125465295	1.290485	8.426612
0	1	5	-.04528707	-1.446078431	.4023641	.009594719	32.90441	.5329402	.01270842	-.3421974	.9686828	.006370893	-.3526251	1.030472828	2.561045403	9.474856
0	2	3	.4671329	.962536023	.8769231	.2545455	5.10951	1.78125	.5170455	.1551043	.5146853	.257342657	.3846154	2.47972028	2.827751196	6.572283
0	2	5	.05287206	1.125	.9784595	.01109661	26.04167	1.027416	.01165182	.02133333	.9530026	.009138381	.02610966	1.223890339	1.250833889	7.334329
0	2	2	.06294035	.374301676	.5011743	.0112729	8.206704	.7845588	.01764706	-.09972771	.8318459	.220291217	-.1376233	1.379990606	2.753514527	7.663408
0	1	5	.1518027	.571428571	.8766603	.1347249	7.385714	1.305085	.200565	.1044487	.7343454	.022770398	.2049336	1.962049336	2.238095238	6.267201
0	1	5	.03655352	.191780822	.9832898	.04856397	15.27397	1.214839	.06	.05973094	.8093995	.020887728	.1738903	2.911227154	2.960701009	7.557473
0	1	0	.005484216	.012646514	.5094971	.009229535	.8247995	2.003682	.03629669	.7135378	.5663456	.05270198	.2552167	.357677903	.702021528	8.919453
0	2	5	-.1054313	.245774396	.9552716	.02236422	1.279737	.9552716	.02236422	-.01387512	1	.019169329	-.04472843	3.223642173	3.37458194	5.746203
0	1	5	.0443418	.277456647	.9625866	.04665127	3.803468	1.145684	.05552501	.2013678	.8401848	-.004157044	.1224018	.607852194	.631477927	7.680176
0	1	3	.03994028	4.652173913	.6509892	.01717059	115	.8711289	.02297702	-.09754253	.9914147	-.003359462	-.09630459	.987308697	1.51662844	7.893199
0	2	5	-.004060914	-.024539877	.9532995	.08121827	31.30061	1.153563	.0982801	.0245002	.8345178	.030456853	.1269036	5.179695431	5.43343983	6.892642
0	1	4	-.1115538	.881889764	.9442231	.0009960159	-4.086614	1.019355	.001075269	.03468208	1.126494	-.156374502	.01792829	.516932271	.547468354	6.911747
0	2	2	.05263158	.375	.9649123	.01754386	11.375	1.122449	.02040816	.06593407	.8596491	.035087719	.1052632	1.596491228	1.654545455	4.736198
0	1	2	.05617978	.285714286	.7565543	0	14.1619	1.025381	0	.00672495	.8033708	.018726592	.01872659	2.784644195	3.680693069	6.280396
0	2	1	-.01489203	-.047449585	.4568131	.06105733	2.122183	1.673943	.2237381	.2761319	.6861504	-.007073716	.1839166	.666046165	1.45802771	7.895808
0	2	3	.295082	-.857142857	.9016393	.01639344	-13.52381	.6626506	.01204819	-.09859155	1.3442623	-.032786885	-.4590164	4.655737705	5.163636364	4.110874
0	1	1	.03888419	.055155875	.9349112	.0397295	2.165468	3.169054	.1346705	.4191584	.2950127	.012679628	.6398986	1.526627219	1.632911392	7.075809
0	1	2	-.09050773	-.177489177	1	.1412804	2.12987	2.03139	.2869955	.4674797	.4900662	-.130242826	.5077263	1.086092715	1.086092715	6.115892
0	1	1	-.03333333	-.194312796	.9878049	.02764228	6.208531	1.35	.03777778	.240458	.8284553	.03495935	.2560976	1.06504065	1.0781893	7.114769
0	1	6	-.1371371	-.335784314	.1661662	.05305305	1.328431	.3721973	.1188341	-.5166052	.5915916	-.121121121	-.2802803	.542542543	3.265060241	6.906755
0	2	2	-.07358637	-.454545455	.4663052	.0007745933	10.92344	.642476	.001067236	-.1467367	.83811	-.003872967	-.2594888	1.768396592	3.792358804	7.163172
0	1	5	.08553792	.788617886	.5590829	.03880071	8.154472	.832021	.05774278	-.1276171	.8915344	.136684303	-.1128748	.884479718	1.582018927	7.033506
0	1	3	-.01466049	-.047263682	.6311728	.1033951	6.159204	1.579151	.2586873	.1211632	.6898148	.027777778	.2314815	1.910493827	3.026894866	7.860185
0	1	8	.1526288	.591358025	.2228359	.00244291	2.423868	1.464061	.01605024	.1129032	.7419012	.09559214	.07063197	.625597451	2.807435653	9.150059
0	2	1	.05647841	.790697674	.7674419	.03322259	30.86047	.8587361	.03717472	-.05727204	.9285714	.064784053	-.1262458	2.204318937	2.872294372	6.400257
0	1	5	.03732304	-.218045113	.992278	.002574003	-9.315789	.8528761	.002212389	-.1073446	1.1711712	.006435006	-.1711712	1.594594595	1.607003891	6.65544
0	1	5	.04239401	.253731343	.8911056	.008312552	9.731343	1.06986	.00998004	.03578732	.8329177	.011637573	.05818786	1.625935162	1.824626866	7.092574
0	1	7	.1602187	.547807333	.9680404	.1230025	5.017973	1.374739	.174679	.1797994	.7075273	.109966358	.2638772	1.467619849	1.51607298	8.467162
0	1	5	.08554377	.594470046	.7712202	.08819629	9.156682	.9057632	.1035826	-.06089582	.8561008	.019230769	-.08023873	1.317639257	1.708512468	7.31854
0	1	1	.02953689	.292418773	.6278109	.07803574	16.4645	1.062102	.1320173	.0220728	.8989911	.044001459	.0367084	1.663060654	2.648983543	9.015177
0	2	5	.02455289	.223140496	.508639	.03213095	16.57576	.8744138	.0552371	-.04005318	.8899667	.026371628	-.07305244	1.823886026	3.585816448	8.101375
0	1	2	-.1027273	-.415441176	.7472727	.01636364	5.069853	1.03657	.02269861	.02102973	.7527273	-.091818182	.02636364	1.253636364	1.677615572	7.003065
0	2	1	-.01405152	-.039215686	.9227166	0	3.869281	1.443223	0	.2043919	.6416862	.021077283	.2833724	1.386416862	1.502538071	6.056784
0	1	6	.006711409	.083333333	.5167785	.01118568	41.97222	.5606796	.01213592	-.1197882	.9194631	-.013422819	-.4049217	3.380313199	6.541125541	6.102559
0	2	1	.05	.128205128	.45	.35	5.230769	.8333333	.6481481	-.04411765	.61	.14	-.09	2.04	4.533333333	4.60517
0	2	2	.02934363	1.652173913	.7305019	.1621622	68.17391	.9702564	.2153846	-.0184949	.9822394	.023166023	-.02239382	1.210810811	1.657505285	7.166266
0	2	5	.04194365	.90443686	.9377968	.134378	22.11604	1.053895	.1510139	.04675926	.9536246	.014878126	.04795821	1.025641026	1.093670886	8.751158
0	2	5	-.06530612	.219178082	.9183673	.004081633	-5.972603	.7053292	.003134796	-.2155963	1.2979592	-.114285714	-.3836735	1.779591837	1.937777778	5.501258
0	1	4	-.1450071	-.738122301	.9531083	.02777778	3.351671	1.404079	.04092105	.4165762	.8035459	-.108565559	.2742944	.658449446	.690844344	10.016459
0	1	2	.096875	.394402036	.9025	.1225	5.256997	1.217538	.1652614	.124879	.754375	.0625	.16125	1.29125	1.430747922	7.377759
NA 	2	5	.0552359	.3	.7560414	.00575374	7.825	1.077049	.008196721	.03753994	.81588032	.04487917	.05408516	1.440736479	1.905632	6.767343
NA 	2	5	.5848586	.607063953	.6654508	.02417298	.1349528	109.0154	3.960061	5.071253	-1.0532153	2.076875	.6593466	.130016503	.1953811	4.669534
NA 	1	5	.04582651	.266666667	.6710311	.0801964	13.94286	.8350305	.09979633	-.05532787	.8281506	.122749591	-.1325696	2.396072013	3.570731707	6.415097
